3.137224384971107227e+01 1.012360692024230957e+00 1.000000000000000000e+00 0.000000000000000000e+00
3.147113628053246259e+01 1.027028560638427734e+00 1.000000000000000000e+00 0.000000000000000000e+00
3.123518714853926781e+01 1.042027950286865234e+00 1.000000000000000000e+00 0.000000000000000000e+00
3.102611549387312806e+01 1.057356476783752441e+00 1.000000000000000000e+00 0.000000000000000000e+00
3.084837129408828815e+01 1.073009371757507324e+00 1.000000000000000000e+00 0.000000000000000000e+00
3.069711464145394331e+01 1.088977694511413574e+00 1.000000000000000000e+00 0.000000000000000000e+00
3.056784140940114725e+01 1.105259299278259277e+00 1.000000000000000000e+00 0.000000000000000000e+00
3.046449661809350218e+01 1.121848225593566895e+00 1.000000000000000000e+00 0.000000000000000000e+00
3.038981717904847457e+01 1.138736367225646973e+00 1.000000000000000000e+00 0.000000000000000000e+00
3.034318643388899162e+01 1.155912756919860840e+00 1.000000000000000000e+00 0.000000000000000000e+00
3.032394781886451796e+01 1.173367857933044434e+00 1.000000000000000000e+00 0.000000000000000000e+00
3.033272981067967677e+01 1.191089510917663574e+00 1.000000000000000000e+00 0.000000000000000000e+00
3.036913506277062424e+01 1.209065556526184082e+00 1.000000000000000000e+00 0.000000000000000000e+00
3.043247899326093275e+01 1.227282524108886719e+00 1.000000000000000000e+00 0.000000000000000000e+00
3.052391121533135632e+01 1.245727419853210449e+00 1.000000000000000000e+00 0.000000000000000000e+00
3.064274993752374598e+01 1.264383912086486816e+00 1.000000000000000000e+00 0.000000000000000000e+00
3.078786811014388647e+01 1.283238410949707031e+00 1.000000000000000000e+00 0.000000000000000000e+00
3.094666847212716476e+01 1.302274823188781738e+00 1.000000000000000000e+00 0.000000000000000000e+00
3.112829619445876261e+01 1.321494102478027344e+00 1.000000000000000000e+00 0.000000000000000000e+00
3.134840532565157289e+01 1.340868592262268066e+00 1.000000000000000000e+00 0.000000000000000000e+00
3.159666127120000212e+01 1.360378742218017578e+00 1.000000000000000000e+00 0.000000000000000000e+00
3.186924923736108539e+01 1.380009055137634277e+00 1.000000000000000000e+00 0.000000000000000000e+00
3.216555447806577206e+01 1.399744391441345215e+00 1.000000000000000000e+00 0.000000000000000000e+00
3.248546119083199812e+01 1.419569849967956543e+00 1.000000000000000000e+00 0.000000000000000000e+00
3.282758112591603350e+01 1.439470410346984863e+00 1.000000000000000000e+00 0.000000000000000000e+00
3.319131798363452646e+01 1.459432959556579590e+00 1.000000000000000000e+00 0.000000000000000000e+00
3.357641537075910776e+01 1.479443430900573730e+00 1.000000000000000000e+00 0.000000000000000000e+00
3.398170731048403326e+01 1.499489307403564453e+00 1.000000000000000000e+00 0.000000000000000000e+00
3.440860003169040482e+01 1.519558310508728027e+00 1.000000000000000000e+00 0.000000000000000000e+00
3.490813356729015027e+01 1.539636731147766113e+00 1.000000000000000000e+00 0.000000000000000000e+00
3.543087942103116461e+01 1.559654116630554199e+00 1.000000000000000000e+00 0.000000000000000000e+00
3.591754505989192126e+01 1.579654574394226074e+00 1.000000000000000000e+00 0.000000000000000000e+00
3.768794937761200714e+01 1.599635958671569824e+00 1.000000000000000000e+00 0.000000000000000000e+00
3.818549473720926812e+01 1.618240237236022949e+00 1.000000000000000000e+00 0.000000000000000000e+00
3.741732226434493214e+01 1.638161778450012207e+00 1.000000000000000000e+00 0.000000000000000000e+00
3.795881384574405359e+01 1.658041000366210938e+00 1.000000000000000000e+00 0.000000000000000000e+00
3.851442683285560520e+01 1.677870869636535645e+00 1.000000000000000000e+00 0.000000000000000000e+00
3.908338929724783384e+01 1.697645306587219238e+00 1.000000000000000000e+00 0.000000000000000000e+00
3.966547868684910583e+01 1.717358589172363281e+00 1.000000000000000000e+00 0.000000000000000000e+00
4.026009116301224822e+01 1.737005352973937988e+00 1.000000000000000000e+00 0.000000000000000000e+00
4.086596264417225655e+01 1.756580948829650879e+00 1.000000000000000000e+00 0.000000000000000000e+00
4.146003140073898408e+01 1.776081681251525879e+00 1.000000000000000000e+00 0.000000000000000000e+00
4.206572013393371634e+01 1.795524954795837402e+00 1.000000000000000000e+00 0.000000000000000000e+00
4.270546046977139554e+01 1.814885139465332031e+00 1.000000000000000000e+00 0.000000000000000000e+00
4.335497412826059360e+01 1.834159255027770996e+00 1.000000000000000000e+00 0.000000000000000000e+00
4.401379215456906024e+01 1.853344798088073730e+00 1.000000000000000000e+00 0.000000000000000000e+00
4.468154025848860300e+01 1.872439503669738770e+00 1.000000000000000000e+00 0.000000000000000000e+00
4.535752449179700108e+01 1.891441464424133301e+00 1.000000000000000000e+00 0.000000000000000000e+00
4.604346744265961178e+01 1.910349249839782715e+00 1.000000000000000000e+00 0.000000000000000000e+00
4.673776455933755614e+01 1.929159760475158691e+00 1.000000000000000000e+00 0.000000000000000000e+00
4.743783705947110718e+01 1.947873115539550781e+00 1.000000000000000000e+00 0.000000000000000000e+00
4.814503252017097168e+01 1.966488480567932129e+00 1.000000000000000000e+00 0.000000000000000000e+00
4.886127493801899391e+01 1.985005021095275879e+00 1.000000000000000000e+00 0.000000000000000000e+00
4.957573083001002345e+01 2.003420591354370117e+00 1.000000000000000000e+00 0.000000000000000000e+00
5.028873998278993440e+01 2.021742582321166992e+00 1.000000000000000000e+00 0.000000000000000000e+00
5.101933144908351636e+01 2.039968490600585938e+00 1.000000000000000000e+00 0.000000000000000000e+00
5.176083409635064925e+01 2.058091878890991211e+00 1.000000000000000000e+00 0.000000000000000000e+00
5.250607194196018668e+01 2.076115369796752930e+00 1.000000000000000000e+00 0.000000000000000000e+00
5.325854040703861614e+01 2.094037771224975586e+00 1.000000000000000000e+00 0.000000000000000000e+00
5.401444364290065181e+01 2.111859321594238281e+00 1.000000000000000000e+00 0.000000000000000000e+00
5.477783426662585953e+01 2.129581451416015625e+00 1.000000000000000000e+00 0.000000000000000000e+00
5.554431911464767069e+01 2.147201776504516602e+00 1.000000000000000000e+00 0.000000000000000000e+00
5.631508990429642836e+01 2.164724588394165039e+00 1.000000000000000000e+00 0.000000000000000000e+00
5.709162643312499341e+01 2.182146787643432617e+00 1.000000000000000000e+00 0.000000000000000000e+00
5.787170336374362734e+01 2.199471712112426758e+00 1.000000000000000000e+00 0.000000000000000000e+00
5.865644466707631466e+01 2.216697692871093750e+00 1.000000000000000000e+00 0.000000000000000000e+00
5.944510463887928609e+01 2.233827352523803711e+00 1.000000000000000000e+00 0.000000000000000000e+00
6.024269267436057618e+01 2.250859498977661133e+00 1.000000000000000000e+00 0.000000000000000000e+00
6.103868510183362872e+01 2.267793893814086914e+00 1.000000000000000000e+00 0.000000000000000000e+00
6.183856782946736530e+01 2.284635305404663086e+00 1.000000000000000000e+00 0.000000000000000000e+00
6.264355493023192167e+01 2.301380395889282227e+00 1.000000000000000000e+00 0.000000000000000000e+00
6.344604903387474337e+01 2.318033218383789062e+00 1.000000000000000000e+00 0.000000000000000000e+00
6.425681071734415184e+01 2.334594488143920898e+00 1.000000000000000000e+00 0.000000000000000000e+00
6.507033563672260357e+01 2.351062536239624023e+00 1.000000000000000000e+00 0.000000000000000000e+00
6.588326114534731914e+01 2.367440938949584961e+00 1.000000000000000000e+00 0.000000000000000000e+00
6.670167173029221885e+01 2.383729696273803711e+00 1.000000000000000000e+00 0.000000000000000000e+00
6.752364258872427172e+01 2.399929285049438477e+00 1.000000000000000000e+00 0.000000000000000000e+00
6.834712154035831588e+01 2.416040658950805664e+00 1.000000000000000000e+00 0.000000000000000000e+00
6.917198976879427619e+01 2.432065248489379883e+00 1.000000000000000000e+00 0.000000000000000000e+00
6.999968639578078466e+01 2.448004007339477539e+00 1.000000000000000000e+00 0.000000000000000000e+00
7.082961279435893687e+01 2.463857650756835938e+00 1.000000000000000000e+00 0.000000000000000000e+00
7.160578750240973989e+01 2.479627370834350586e+00 1.000000000000000000e+00 0.000000000000000000e+00
7.238346845890454517e+01 2.495338439941406250e+00 1.000000000000000000e+00 0.000000000000000000e+00
7.322005240650707947e+01 2.510967254638671875e+00 1.000000000000000000e+00 0.000000000000000000e+00
7.405967282819041486e+01 2.526514291763305664e+00 1.000000000000000000e+00 0.000000000000000000e+00
7.490171021831557141e+01 2.541980504989624023e+00 1.000000000000000000e+00 0.000000000000000000e+00
7.574608642351930143e+01 2.557366609573364258e+00 1.000000000000000000e+00 0.000000000000000000e+00
7.659212995692898573e+01 2.572673559188842773e+00 1.000000000000000000e+00 0.000000000000000000e+00
7.743973591388520106e+01 2.587902307510375977e+00 1.000000000000000000e+00 0.000000000000000000e+00
7.829126677260393308e+01 2.603053808212280273e+00 1.000000000000000000e+00 0.000000000000000000e+00
7.914293724477808212e+01 2.618128061294555664e+00 1.000000000000000000e+00 0.000000000000000000e+00
7.999461832088714175e+01 2.633127450942993164e+00 1.000000000000000000e+00 0.000000000000000000e+00
8.084998973609386042e+01 2.648051977157592773e+00 1.000000000000000000e+00 0.000000000000000000e+00
8.170905374541123933e+01 2.662902593612670898e+00 1.000000000000000000e+00 0.000000000000000000e+00
8.256710828413197589e+01 2.677679300308227539e+00 1.000000000000000000e+00 0.000000000000000000e+00
8.342466745171159914e+01 2.692384719848632812e+00 1.000000000000000000e+00 0.000000000000000000e+00
8.431179757551005594e+01 2.707018613815307617e+00 1.000000000000000000e+00 0.000000000000000000e+00
8.522945664201267846e+01 2.721573114395141602e+00 1.000000000000000000e+00 0.000000000000000000e+00
8.612271256348986981e+01 2.736047983169555664e+00 1.000000000000000000e+00 0.000000000000000000e+00
8.698692659651153747e+01 2.750454187393188477e+00 1.000000000000000000e+00 0.000000000000000000e+00
8.785576400032121569e+01 2.764792680740356445e+00 1.000000000000000000e+00 0.000000000000000000e+00
8.872626034268837714e+01 2.779062986373901367e+00 1.000000000000000000e+00 0.000000000000000000e+00
8.959384640326445037e+01 2.793267011642456055e+00 1.000000000000000000e+00 0.000000000000000000e+00
9.046207044373235817e+01 2.807405710220336914e+00 1.000000000000000000e+00 0.000000000000000000e+00
9.133313575856362831e+01 2.821479797363281250e+00 1.000000000000000000e+00 0.000000000000000000e+00
9.220385486983359158e+01 2.835489511489868164e+00 1.000000000000000000e+00 0.000000000000000000e+00
9.307888268608917315e+01 2.849436521530151367e+00 1.000000000000000000e+00 0.000000000000000000e+00
9.395657680930612798e+01 2.863319635391235352e+00 1.000000000000000000e+00 0.000000000000000000e+00
9.483039512913481417e+01 2.877140998840332031e+00 1.000000000000000000e+00 0.000000000000000000e+00
9.570335975071212431e+01 2.890901327133178711e+00 1.000000000000000000e+00 0.000000000000000000e+00
9.658542289677392034e+01 2.904601812362670898e+00 1.000000000000000000e+00 0.000000000000000000e+00
9.746904319380273307e+01 2.918240308761596680e+00 1.000000000000000000e+00 0.000000000000000000e+00
9.834125856901113139e+01 2.931820154190063477e+00 1.000000000000000000e+00 0.000000000000000000e+00
9.921815981193492462e+01 2.945342779159545898e+00 1.000000000000000000e+00 0.000000000000000000e+00
1.000988556107979690e+02 2.958806991577148438e+00 1.000000000000000000e+00 0.000000000000000000e+00
1.009780059826837544e+02 2.972214460372924805e+00 1.000000000000000000e+00 0.000000000000000000e+00
1.018590560135092176e+02 2.985565423965454102e+00 1.000000000000000000e+00 0.000000000000000000e+00
1.027456520620388289e+02 2.998860597610473633e+00 1.000000000000000000e+00 0.000000000000000000e+00
1.036312943104609303e+02 3.012099266052246094e+00 1.000000000000000000e+00 0.000000000000000000e+00
1.045149376359567412e+02 3.025283813476562500e+00 1.000000000000000000e+00 0.000000000000000000e+00
1.054059367615543863e+02 3.038413763046264648e+00 1.000000000000000000e+00 0.000000000000000000e+00
1.062918083323505982e+02 3.051489114761352539e+00 1.000000000000000000e+00 0.000000000000000000e+00
1.071801771452300613e+02 3.064512491226196289e+00 1.000000000000000000e+00 0.000000000000000000e+00
1.080719285319579939e+02 3.077481985092163086e+00 1.000000000000000000e+00 0.000000000000000000e+00
1.089621005468247432e+02 3.090399980545043945e+00 1.000000000000000000e+00 0.000000000000000000e+00
1.098535346971019067e+02 3.103265762329101562e+00 1.000000000000000000e+00 0.000000000000000000e+00
1.107441413548283720e+02 3.116080999374389648e+00 1.000000000000000000e+00 0.000000000000000000e+00
1.116379305944742981e+02 3.128845453262329102e+00 1.000000000000000000e+00 0.000000000000000000e+00
1.125275156024225964e+02 3.141559839248657227e+00 1.000000000000000000e+00 0.000000000000000000e+00
1.134255070152650973e+02 3.154225587844848633e+00 1.000000000000000000e+00 0.000000000000000000e+00
1.143190145081706817e+02 3.166840553283691406e+00 1.000000000000000000e+00 0.000000000000000000e+00
1.152002487938250539e+02 3.179409027099609375e+00 1.000000000000000000e+00 0.000000000000000000e+00
1.160719722979393396e+02 3.191930532455444336e+00 1.000000000000000000e+00 0.000000000000000000e+00
1.169585118714038572e+02 3.204408645629882812e+00 1.000000000000000000e+00 0.000000000000000000e+00
1.178577886326293651e+02 3.216837644577026367e+00 1.000000000000000000e+00 0.000000000000000000e+00
1.187542425265335879e+02 3.229221582412719727e+00 1.000000000000000000e+00 0.000000000000000000e+00
1.196545211647149642e+02 3.241558074951171875e+00 1.000000000000000000e+00 0.000000000000000000e+00
1.205505388615407014e+02 3.253849744796752930e+00 1.000000000000000000e+00 0.000000000000000000e+00
1.214514867812117558e+02 3.266095876693725586e+00 1.000000000000000000e+00 0.000000000000000000e+00
1.223514583218398570e+02 3.278297185897827148e+00 1.000000000000000000e+00 0.000000000000000000e+00
1.232563819982281075e+02 3.290454149246215820e+00 1.000000000000000000e+00 0.000000000000000000e+00
1.241552769255451807e+02 3.302566289901733398e+00 1.000000000000000000e+00 0.000000000000000000e+00
1.250590726484732045e+02 3.314636230468750000e+00 1.000000000000000000e+00 0.000000000000000000e+00
1.259627195179970158e+02 3.326661348342895508e+00 1.000000000000000000e+00 0.000000000000000000e+00
1.268637151818344790e+02 3.338645219802856445e+00 1.000000000000000000e+00 0.000000000000000000e+00
1.321738840102365486e+02 3.350585699081420898e+00 1.000000000000000000e+00 0.000000000000000000e+00
1.330731508431769896e+02 3.361690521240234375e+00 1.000000000000000000e+00 0.000000000000000000e+00
1.295156287042028964e+02 3.373551130294799805e+00 1.000000000000000000e+00 0.000000000000000000e+00
1.304250513460188756e+02 3.385370016098022461e+00 1.000000000000000000e+00 0.000000000000000000e+00
1.313286351700472778e+02 3.397147893905639648e+00 1.000000000000000000e+00 0.000000000000000000e+00
1.322369070894921776e+02 3.408885955810546875e+00 1.000000000000000000e+00 0.000000000000000000e+00
1.331770608520493511e+02 3.420583009719848633e+00 1.000000000000000000e+00 0.000000000000000000e+00
1.341113949380673205e+02 3.432235479354858398e+00 1.000000000000000000e+00 0.000000000000000000e+00
1.350190032678516729e+02 3.443848848342895508e+00 1.000000000000000000e+00 0.000000000000000000e+00
1.359312160479005911e+02 3.455423116683959961e+00 1.000000000000000000e+00 0.000000000000000000e+00
1.368367479448342294e+02 3.466958284378051758e+00 1.000000000000000000e+00 0.000000000000000000e+00
1.377439647277636539e+02 3.478456258773803711e+00 1.000000000000000000e+00 0.000000000000000000e+00
1.386599934259074018e+02 3.489915609359741211e+00 1.000000000000000000e+00 0.000000000000000000e+00
1.395689858356078901e+02 3.501337051391601562e+00 1.000000000000000000e+00 0.000000000000000000e+00
1.404765845709976020e+02 3.512721776962280273e+00 1.000000000000000000e+00 0.000000000000000000e+00
1.413886024537553396e+02 3.524069547653198242e+00 1.000000000000000000e+00 0.000000000000000000e+00
1.423005857673129526e+02 3.535380601882934570e+00 1.000000000000000000e+00 0.000000000000000000e+00
1.432139831405938821e+02 3.546655416488647461e+00 1.000000000000000000e+00 0.000000000000000000e+00
1.441241565008947987e+02 3.557893991470336914e+00 1.000000000000000000e+00 0.000000000000000000e+00
1.450356149094319278e+02 3.569097518920898438e+00 1.000000000000000000e+00 0.000000000000000000e+00
1.459514037040096639e+02 3.580265283584594727e+00 1.000000000000000000e+00 0.000000000000000000e+00
1.468684431184431105e+02 3.591398000717163086e+00 1.000000000000000000e+00 0.000000000000000000e+00
1.477771366369905479e+02 3.602495431900024414e+00 1.000000000000000000e+00 0.000000000000000000e+00
1.486900952197824779e+02 3.613559722900390625e+00 1.000000000000000000e+00 0.000000000000000000e+00
1.496105091094103443e+02 3.624588727951049805e+00 1.000000000000000000e+00 0.000000000000000000e+00
1.505255006248556242e+02 3.635584115982055664e+00 1.000000000000000000e+00 0.000000000000000000e+00
1.514364796787250214e+02 3.646545648574829102e+00 1.000000000000000000e+00 0.000000000000000000e+00
1.523316717144133747e+02 3.657474756240844727e+00 1.000000000000000000e+00 0.000000000000000000e+00
1.532408585958181675e+02 3.668372869491577148e+00 1.000000000000000000e+00 0.000000000000000000e+00
1.541608376239483107e+02 3.679237127304077148e+00 1.000000000000000000e+00 0.000000000000000000e+00
1.550782341212187703e+02 3.690069437026977539e+00 1.000000000000000000e+00 0.000000000000000000e+00
1.559997608131548645e+02 3.700868844985961914e+00 1.000000000000000000e+00 0.000000000000000000e+00
1.569150559614236897e+02 3.711636304855346680e+00 1.000000000000000000e+00 0.000000000000000000e+00
1.578274112188267395e+02 3.722372293472290039e+00 1.000000000000000000e+00 0.000000000000000000e+00
1.587473208655150358e+02 3.733077287673950195e+00 1.000000000000000000e+00 0.000000000000000000e+00
1.596713008250781343e+02 3.743750333786010742e+00 1.000000000000000000e+00 0.000000000000000000e+00
1.605886186191085869e+02 3.754392385482788086e+00 1.000000000000000000e+00 0.000000000000000000e+00
1.615099524825465949e+02 3.765003919601440430e+00 1.000000000000000000e+00 0.000000000000000000e+00
1.624316515031848098e+02 3.775584459304809570e+00 1.000000000000000000e+00 0.000000000000000000e+00
1.633500007200475466e+02 3.786134958267211914e+00 1.000000000000000000e+00 0.000000000000000000e+00
1.642704382208733591e+02 3.796655416488647461e+00 1.000000000000000000e+00 0.000000000000000000e+00
1.651910810234850260e+02 3.807146072387695312e+00 1.000000000000000000e+00 0.000000000000000000e+00
1.661118782166128369e+02 3.817607164382934570e+00 1.000000000000000000e+00 0.000000000000000000e+00
1.670327782898446287e+02 3.828038930892944336e+00 1.000000000000000000e+00 0.000000000000000000e+00
1.679556564937896326e+02 3.838441610336303711e+00 1.000000000000000000e+00 0.000000000000000000e+00
1.688785542420754950e+02 3.848815202713012695e+00 1.000000000000000000e+00 0.000000000000000000e+00
1.698014287812349039e+02 3.859160184860229492e+00 1.000000000000000000e+00 0.000000000000000000e+00
1.707261913402781772e+02 3.869476556777954102e+00 1.000000000000000000e+00 0.000000000000000000e+00
1.716468610172923945e+02 3.879764556884765625e+00 1.000000000000000000e+00 0.000000000000000000e+00
1.725311918078083409e+02 3.890024900436401367e+00 1.000000000000000000e+00 0.000000000000000000e+00
1.734168851310308810e+02 3.900261640548706055e+00 1.000000000000000000e+00 0.000000000000000000e+00
1.743404344877581025e+02 3.910470962524414062e+00 1.000000000000000000e+00 0.000000000000000000e+00
1.752677498947502670e+02 3.920652627944946289e+00 1.000000000000000000e+00 0.000000000000000000e+00
1.761947300812417154e+02 3.930806875228881836e+00 1.000000000000000000e+00 0.000000000000000000e+00
1.771150545077373408e+02 3.940933942794799805e+00 1.000000000000000000e+00 0.000000000000000000e+00
1.780390697014819352e+02 3.951034784317016602e+00 1.000000000000000000e+00 0.000000000000000000e+00
1.789710032833788489e+02 3.961108446121215820e+00 1.000000000000000000e+00 0.000000000000000000e+00
1.798960449561012638e+02 3.971155405044555664e+00 1.000000000000000000e+00 0.000000000000000000e+00
1.808204688393367405e+02 3.981176376342773438e+00 1.000000000000000000e+00 0.000000000000000000e+00
1.817463634843671514e+02 3.991171121597290039e+00 1.000000000000000000e+00 0.000000000000000000e+00
1.826737289196429117e+02 4.001140117645263672e+00 1.000000000000000000e+00 0.000000000000000000e+00
1.836047364400305355e+02 4.011083126068115234e+00 1.000000000000000000e+00 0.000000000000000000e+00
1.845372044064932879e+02 4.021000385284423828e+00 1.000000000000000000e+00 0.000000000000000000e+00
1.854554449363561730e+02 4.030891895294189453e+00 1.000000000000000000e+00 0.000000000000000000e+00
1.863772065259944384e+02 4.040759563446044922e+00 1.000000000000000000e+00 0.000000000000000000e+00
1.873206008564762612e+02 4.050601482391357422e+00 1.000000000000000000e+00 0.000000000000000000e+00
1.882494440047574358e+02 4.060417652130126953e+00 1.000000000000000000e+00 0.000000000000000000e+00
1.891726652187402635e+02 4.070209980010986328e+00 1.000000000000000000e+00 0.000000000000000000e+00
1.900993339228345747e+02 4.079977512359619141e+00 1.000000000000000000e+00 0.000000000000000000e+00
1.910342008842560233e+02 4.089721202850341797e+00 1.000000000000000000e+00 0.000000000000000000e+00
1.919726147305239294e+02 4.099439620971679688e+00 1.000000000000000000e+00 0.000000000000000000e+00
1.928956693221829823e+02 4.109134197235107422e+00 1.000000000000000000e+00 0.000000000000000000e+00
1.938317041864138730e+02 4.118805408477783203e+00 1.000000000000000000e+00 0.000000000000000000e+00
1.947857085005669262e+02 4.128451824188232422e+00 1.000000000000000000e+00 0.000000000000000000e+00
1.957143275974831340e+02 4.138073444366455078e+00 1.000000000000000000e+00 0.000000000000000000e+00
1.966366529973731474e+02 4.147673130035400391e+00 1.000000000000000000e+00 0.000000000000000000e+00
1.975819595969668114e+02 4.157248973846435547e+00 1.000000000000000000e+00 0.000000000000000000e+00
1.985159716211518912e+02 4.166800975799560547e+00 1.000000000000000000e+00 0.000000000000000000e+00
1.994434602019392173e+02 4.176330566406250000e+00 1.000000000000000000e+00 0.000000000000000000e+00
2.003742778425782092e+02 4.185837268829345703e+00 1.000000000000000000e+00 0.000000000000000000e+00
2.012983384964559832e+02 4.195321559906005859e+00 1.000000000000000000e+00 0.000000000000000000e+00
2.022409854639028595e+02 4.204783916473388672e+00 1.000000000000000000e+00 0.000000000000000000e+00
2.031767835138763587e+02 4.214222431182861328e+00 1.000000000000000000e+00 0.000000000000000000e+00
2.041056796291004787e+02 4.223639965057373047e+00 1.000000000000000000e+00 0.000000000000000000e+00
2.050482286147208129e+02 4.233034610748291016e+00 1.000000000000000000e+00 0.000000000000000000e+00
2.059784876035162426e+02 4.242407321929931641e+00 1.000000000000000000e+00 0.000000000000000000e+00
2.069120240592570212e+02 4.251758575439453125e+00 1.000000000000000000e+00 0.000000000000000000e+00
2.078382024248936375e+02 4.261087894439697266e+00 1.000000000000000000e+00 0.000000000000000000e+00
2.087783129271999769e+02 4.270396709442138672e+00 1.000000000000000000e+00 0.000000000000000000e+00
2.097163092395190063e+02 4.279682636260986328e+00 1.000000000000000000e+00 0.000000000000000000e+00
2.106468180178829641e+02 4.288948535919189453e+00 1.000000000000000000e+00 0.000000000000000000e+00
2.115914020393983037e+02 4.298192501068115234e+00 1.000000000000000000e+00 0.000000000000000000e+00
2.125283502729155032e+02 4.307415485382080078e+00 1.000000000000000000e+00 0.000000000000000000e+00
2.134574646186930238e+02 4.316617488861083984e+00 1.000000000000000000e+00 0.000000000000000000e+00
2.143841676532934457e+02 4.325799465179443359e+00 1.000000000000000000e+00 0.000000000000000000e+00
2.153307863028818474e+02 4.334960937500000000e+00 1.000000000000000000e+00 0.000000000000000000e+00
2.162693919215658411e+02 4.344100952148437500e+00 1.000000000000000000e+00 0.000000000000000000e+00
2.172112472311378326e+02 4.353221416473388672e+00 1.000000000000000000e+00 0.000000000000000000e+00
2.181734474864065589e+02 4.362320423126220703e+00 1.000000000000000000e+00 0.000000000000000000e+00
2.191160533957957455e+02 4.371398448944091797e+00 1.000000000000000000e+00 0.000000000000000000e+00
2.200503027747968474e+02 4.380456924438476562e+00 1.000000000000000000e+00 0.000000000000000000e+00
2.209993109855786884e+02 4.389495372772216797e+00 1.000000000000000000e+00 0.000000000000000000e+00
2.219398061709622141e+02 4.398513317108154297e+00 1.000000000000000000e+00 0.000000000000000000e+00
2.228657436876723921e+02 4.407512187957763672e+00 1.000000000000000000e+00 0.000000000000000000e+00
2.238124983386937856e+02 4.416491985321044922e+00 1.000000000000000000e+00 0.000000000000000000e+00
2.247623983454341783e+02 4.425451278686523438e+00 1.000000000000000000e+00 0.000000000000000000e+00
2.256854098917633280e+02 4.434391498565673828e+00 1.000000000000000000e+00 0.000000000000000000e+00
2.266234739043727870e+02 4.443313598632812500e+00 1.000000000000000000e+00 0.000000000000000000e+00
2.275706392323459681e+02 4.452215671539306641e+00 1.000000000000000000e+00 0.000000000000000000e+00
2.285086952273948384e+02 4.461099147796630859e+00 1.000000000000000000e+00 0.000000000000000000e+00
2.294435850617531401e+02 4.469963550567626953e+00 1.000000000000000000e+00 0.000000000000000000e+00
2.303876936812748681e+02 4.478809833526611328e+00 1.000000000000000000e+00 0.000000000000000000e+00
2.313348278370990840e+02 4.487636566162109375e+00 1.000000000000000000e+00 0.000000000000000000e+00
2.322661999862064590e+02 4.496445178985595703e+00 1.000000000000000000e+00 0.000000000000000000e+00
2.332068094811435799e+02 4.505235671997070312e+00 1.000000000000000000e+00 0.000000000000000000e+00
2.341567664235201391e+02 4.514007568359375000e+00 1.000000000000000000e+00 0.000000000000000000e+00
2.350969768024052371e+02 4.522760868072509766e+00 1.000000000000000000e+00 0.000000000000000000e+00
2.360272754592891999e+02 4.531496524810791016e+00 1.000000000000000000e+00 0.000000000000000000e+00
2.369669095687492302e+02 4.540214538574218750e+00 1.000000000000000000e+00 0.000000000000000000e+00
2.379225161549377390e+02 4.548914432525634766e+00 1.000000000000000000e+00 0.000000000000000000e+00
2.388680598596476727e+02 4.557595729827880859e+00 1.000000000000000000e+00 0.000000000000000000e+00
2.397967917384510486e+02 4.566259860992431641e+00 1.000000000000000000e+00 0.000000000000000000e+00
2.407416003814016392e+02 4.574906826019287109e+00 1.000000000000000000e+00 0.000000000000000000e+00
2.416893210230415434e+02 4.583535671234130859e+00 1.000000000000000000e+00 0.000000000000000000e+00
2.426198495975411618e+02 4.592147350311279297e+00 1.000000000000000000e+00 0.000000000000000000e+00
2.435396389483461519e+02 4.600742340087890625e+00 1.000000000000000000e+00 0.000000000000000000e+00
2.444757015136761993e+02 4.609321117401123047e+00 1.000000000000000000e+00 0.000000000000000000e+00
2.454213728734956135e+02 4.617882251739501953e+00 1.000000000000000000e+00 0.000000000000000000e+00
2.463493159728217279e+02 4.626426696777343750e+00 1.000000000000000000e+00 0.000000000000000000e+00
4.106012731750382727e+02 4.634954929351806641e+00 1.000000000000000000e+00 0.000000000000000000e+00
5.425754004655823337e+01 4.636688709259033203e+00 1.000000000000000000e+00 0.000000000000000000e+00
2.860182513321828424e+01 4.712643146514892578e+00 1.000000000000000000e+00 0.000000000000000000e+00
2.985033749003052606e+01 4.786477088928222656e+00 1.000000000000000000e+00 0.000000000000000000e+00
3.108518619989419207e+01 4.858415126800537109e+00 1.000000000000000000e+00 0.000000000000000000e+00
3.232939629467328047e+01 4.928562164306640625e+00 1.000000000000000000e+00 0.000000000000000000e+00
3.358373261402452670e+01 4.997004508972167969e+00 1.000000000000000000e+00 0.000000000000000000e+00
3.484439546074679583e+01 5.063827991485595703e+00 1.000000000000000000e+00 0.000000000000000000e+00
3.610739291356080116e+01 5.129119873046875000e+00 1.000000000000000000e+00 0.000000000000000000e+00
3.736873944435713213e+01 5.192965984344482422e+00 1.000000000000000000e+00 0.000000000000000000e+00
3.862325557272303200e+01 5.255452156066894531e+00 1.000000000000000000e+00 0.000000000000000000e+00
3.986577752320557266e+01 5.316665649414062500e+00 1.000000000000000000e+00 0.000000000000000000e+00
4.109112264137878867e+01 5.376692295074462891e+00 1.000000000000000000e+00 0.000000000000000000e+00
4.229319246631553142e+01 5.435618400573730469e+00 1.000000000000000000e+00 0.000000000000000000e+00
4.346902284235230240e+01 5.493530750274658203e+00 1.000000000000000000e+00 0.000000000000000000e+00
4.462873282895803584e+01 5.550507545471191406e+00 1.000000000000000000e+00 0.000000000000000000e+00
4.578939005801812812e+01 5.606595039367675781e+00 1.000000000000000000e+00 0.000000000000000000e+00
4.695875915598624317e+01 5.661819458007812500e+00 1.000000000000000000e+00 0.000000000000000000e+00
4.813753858954218856e+01 5.716204166412353516e+00 1.000000000000000000e+00 0.000000000000000000e+00
4.932527991892776242e+01 5.769771575927734375e+00 1.000000000000000000e+00 0.000000000000000000e+00
5.052037714568946569e+01 5.822544097900390625e+00 1.000000000000000000e+00 0.000000000000000000e+00
5.172176881029748330e+01 5.874545574188232422e+00 1.000000000000000000e+00 0.000000000000000000e+00
5.292879509082050049e+01 5.925798416137695312e+00 1.000000000000000000e+00 0.000000000000000000e+00
5.414001983609304602e+01 5.976325511932373047e+00 1.000000000000000000e+00 0.000000000000000000e+00
5.535388770360078325e+01 6.026149749755859375e+00 1.000000000000000000e+00 0.000000000000000000e+00
5.656955589526688044e+01 6.075294494628906250e+00 1.000000000000000000e+00 0.000000000000000000e+00
5.778530550279848654e+01 6.123781681060791016e+00 1.000000000000000000e+00 0.000000000000000000e+00
5.899931623308246031e+01 6.171635150909423828e+00 1.000000000000000000e+00 0.000000000000000000e+00
6.021055338417232150e+01 6.218877315521240234e+00 1.000000000000000000e+00 0.000000000000000000e+00
6.141704301231072805e+01 6.265531063079833984e+00 1.000000000000000000e+00 0.000000000000000000e+00
6.261702469877522503e+01 6.311619281768798828e+00 1.000000000000000000e+00 0.000000000000000000e+00
6.380866982361122552e+01 6.357164859771728516e+00 1.000000000000000000e+00 0.000000000000000000e+00
6.498974065320018667e+01 6.402190685272216797e+00 1.000000000000000000e+00 0.000000000000000000e+00
6.615861917773897005e+01 6.446720123291015625e+00 1.000000000000000000e+00 0.000000000000000000e+00
6.731366791349601897e+01 6.490775585174560547e+00 1.000000000000000000e+00 0.000000000000000000e+00
6.845249941056349030e+01 6.534379959106445312e+00 1.000000000000000000e+00 0.000000000000000000e+00
6.957303836617433035e+01 6.577556133270263672e+00 1.000000000000000000e+00 0.000000000000000000e+00
7.067318499454316338e+01 6.620326995849609375e+00 1.000000000000000000e+00 0.000000000000000000e+00
7.175204109351979298e+01 6.662715435028076172e+00 1.000000000000000000e+00 0.000000000000000000e+00
7.281875666773694888e+01 6.704742908477783203e+00 1.000000000000000000e+00 0.000000000000000000e+00
7.388549531017692118e+01 6.746419429779052734e+00 1.000000000000000000e+00 0.000000000000000000e+00
7.495733971258607653e+01 6.787751197814941406e+00 1.000000000000000000e+00 0.000000000000000000e+00
7.603539881271260015e+01 6.828742027282714844e+00 1.000000000000000000e+00 0.000000000000000000e+00
7.711863100243942881e+01 6.869396686553955078e+00 1.000000000000000000e+00 0.000000000000000000e+00
7.820776198409909341e+01 6.909719944000244141e+00 1.000000000000000000e+00 0.000000000000000000e+00
7.930262965306687306e+01 6.949715614318847656e+00 1.000000000000000000e+00 0.000000000000000000e+00
8.040258862610610890e+01 6.989388465881347656e+00 1.000000000000000000e+00 0.000000000000000000e+00
8.150743226579874090e+01 7.028742790222167969e+00 1.000000000000000000e+00 0.000000000000000000e+00
8.261745587427078874e+01 7.067783355712890625e+00 1.000000000000000000e+00 0.000000000000000000e+00
8.373194209334349125e+01 7.106513977050781250e+00 1.000000000000000000e+00 0.000000000000000000e+00
8.485119354352805487e+01 7.144939899444580078e+00 1.000000000000000000e+00 0.000000000000000000e+00
8.597498480425309708e+01 7.183064460754394531e+00 1.000000000000000000e+00 0.000000000000000000e+00
8.710144985887932023e+01 7.220892906188964844e+00 1.000000000000000000e+00 0.000000000000000000e+00
8.823250742804675895e+01 7.258430004119873047e+00 1.000000000000000000e+00 0.000000000000000000e+00
8.936736113585401142e+01 7.295679092407226562e+00 1.000000000000000000e+00 0.000000000000000000e+00
9.050518129378437493e+01 7.332645416259765625e+00 1.000000000000000000e+00 0.000000000000000000e+00
9.164566067184392750e+01 7.369332790374755859e+00 1.000000000000000000e+00 0.000000000000000000e+00
9.278849853387850999e+01 7.405746459960937500e+00 1.000000000000000000e+00 0.000000000000000000e+00
9.393398705477464716e+01 7.441890239715576172e+00 1.000000000000000000e+00 0.000000000000000000e+00
9.508183382464751787e+01 7.477768898010253906e+00 1.000000000000000000e+00 0.000000000000000000e+00
9.623107727391818855e+01 7.513386249542236328e+00 1.000000000000000000e+00 0.000000000000000000e+00
9.738071365124982037e+01 7.548747539520263672e+00 1.000000000000000000e+00 0.000000000000000000e+00
9.853235159279864774e+01 7.583857059478759766e+00 1.000000000000000000e+00 0.000000000000000000e+00
9.968499697406430471e+01 7.618718624114990234e+00 1.000000000000000000e+00 0.000000000000000000e+00
1.008369102217754545e+02 7.653337001800537109e+00 1.000000000000000000e+00 0.000000000000000000e+00
1.019890775992732586e+02 7.687716960906982422e+00 1.000000000000000000e+00 0.000000000000000000e+00
1.031411194631590433e+02 7.721862316131591797e+00 1.000000000000000000e+00 0.000000000000000000e+00
1.042911873709588519e+02 7.755777835845947266e+00 1.000000000000000000e+00 0.000000000000000000e+00
1.054403130736520779e+02 7.789468288421630859e+00 1.000000000000000000e+00 0.000000000000000000e+00
1.065880861702224394e+02 7.822937488555908203e+00 1.000000000000000000e+00 0.000000000000000000e+00
1.077333245275443403e+02 7.856190204620361328e+00 1.000000000000000000e+00 0.000000000000000000e+00
1.088755653562706840e+02 7.889230728149414062e+00 1.000000000000000000e+00 0.000000000000000000e+00
1.100151443413999459e+02 7.922063827514648438e+00 1.000000000000000000e+00 0.000000000000000000e+00
1.111507986743617948e+02 7.954693317413330078e+00 1.000000000000000000e+00 0.000000000000000000e+00
1.122828795263666848e+02 7.987124443054199219e+00 1.000000000000000000e+00 0.000000000000000000e+00
1.134109150251869664e+02 8.019360542297363281e+00 1.000000000000000000e+00 0.000000000000000000e+00
1.145318884541710105e+02 8.051406860351562500e+00 1.000000000000000000e+00 0.000000000000000000e+00
1.156478166427436918e+02 8.083268165588378906e+00 1.000000000000000000e+00 0.000000000000000000e+00
1.167599743129538297e+02 8.114948272705078125e+00 1.000000000000000000e+00 0.000000000000000000e+00
1.178643690341167769e+02 8.146450996398925781e+00 1.000000000000000000e+00 0.000000000000000000e+00
1.189604483720155912e+02 8.177782058715820312e+00 1.000000000000000000e+00 0.000000000000000000e+00
1.200513108750045177e+02 8.208945274353027344e+00 1.000000000000000000e+00 0.000000000000000000e+00
1.211327886227645507e+02 8.239944458007812500e+00 1.000000000000000000e+00 0.000000000000000000e+00
1.222043157722679041e+02 8.270785331726074219e+00 1.000000000000000000e+00 0.000000000000000000e+00
1.232672158285504480e+02 8.301471710205078125e+00 1.000000000000000000e+00 0.000000000000000000e+00
1.243229274873140469e+02 8.332008361816406250e+00 1.000000000000000000e+00 0.000000000000000000e+00
1.253690179347577214e+02 8.362398147583007812e+00 1.000000000000000000e+00 0.000000000000000000e+00
1.264069865984860428e+02 8.392646789550781250e+00 1.000000000000000000e+00 0.000000000000000000e+00
1.274464674042445012e+02 8.422756195068359375e+00 1.000000000000000000e+00 0.000000000000000000e+00
1.284893956306809173e+02 8.452727317810058594e+00 1.000000000000000000e+00 0.000000000000000000e+00
1.295378086397278139e+02 8.482561111450195312e+00 1.000000000000000000e+00 0.000000000000000000e+00
1.305896303709165807e+02 8.512257575988769531e+00 1.000000000000000000e+00 0.000000000000000000e+00
1.316448354723592047e+02 8.541818618774414062e+00 1.000000000000000000e+00 0.000000000000000000e+00
1.327033679330252198e+02 8.571244239807128906e+00 1.000000000000000000e+00 0.000000000000000000e+00
1.337651997211468711e+02 8.600536346435546875e+00 1.000000000000000000e+00 0.000000000000000000e+00
1.348324817730334644e+02 8.629694938659667969e+00 1.000000000000000000e+00 0.000000000000000000e+00
1.359007760988496898e+02 8.658720970153808594e+00 1.000000000000000000e+00 0.000000000000000000e+00
1.369744985414849907e+02 8.687616348266601562e+00 1.000000000000000000e+00 0.000000000000000000e+00
1.380513611365788620e+02 8.716380119323730469e+00 1.000000000000000000e+00 0.000000000000000000e+00
1.391313444883442685e+02 8.745015144348144531e+00 1.000000000000000000e+00 0.000000000000000000e+00
1.402167180303182477e+02 8.773520469665527344e+00 1.000000000000000000e+00 0.000000000000000000e+00
1.413027715644802242e+02 8.801898002624511719e+00 1.000000000000000000e+00 0.000000000000000000e+00
1.423941818673941953e+02 8.830148696899414062e+00 1.000000000000000000e+00 0.000000000000000000e+00
1.434885276493459969e+02 8.858272552490234375e+00 1.000000000000000000e+00 0.000000000000000000e+00
1.445857675531493953e+02 8.886271476745605469e+00 1.000000000000000000e+00 0.000000000000000000e+00
1.456858277080472419e+02 8.914145469665527344e+00 1.000000000000000000e+00 0.000000000000000000e+00
1.467911915184078850e+02 8.941896438598632812e+00 1.000000000000000000e+00 0.000000000000000000e+00
1.478992988122738268e+02 8.969523429870605469e+00 1.000000000000000000e+00 0.000000000000000000e+00
1.490075292950703272e+02 8.997029304504394531e+00 1.000000000000000000e+00 0.000000000000000000e+00
1.501209498305686907e+02 9.024414062500000000e+00 1.000000000000000000e+00 0.000000000000000000e+00
1.512369359909366437e+02 9.051678657531738281e+00 1.000000000000000000e+00 0.000000000000000000e+00
1.523554199128102198e+02 9.078824043273925781e+00 1.000000000000000000e+00 0.000000000000000000e+00
1.534790457085173614e+02 9.105851173400878906e+00 1.000000000000000000e+00 0.000000000000000000e+00
1.546050757979367347e+02 9.132760047912597656e+00 1.000000000000000000e+00 0.000000000000000000e+00
1.557306761228854270e+02 9.159552574157714844e+00 1.000000000000000000e+00 0.000000000000000000e+00
1.568612954443675278e+02 9.186229705810546875e+00 1.000000000000000000e+00 0.000000000000000000e+00
1.579969382948657426e+02 9.212791442871093750e+00 1.000000000000000000e+00 0.000000000000000000e+00
1.591347497926231256e+02 9.239238739013671875e+00 1.000000000000000000e+00 0.000000000000000000e+00
1.602717424476120698e+02 9.265572547912597656e+00 1.000000000000000000e+00 0.000000000000000000e+00
1.614106937254089758e+02 9.291794776916503906e+00 1.000000000000000000e+00 0.000000000000000000e+00
1.625574535272380956e+02 9.317905426025390625e+00 1.000000000000000000e+00 0.000000000000000000e+00
1.637030960217874167e+02 9.343904495239257812e+00 1.000000000000000000e+00 0.000000000000000000e+00
1.648505094875593500e+02 9.369794845581054688e+00 1.000000000000000000e+00 0.000000000000000000e+00
1.659995720260019425e+02 9.395575523376464844e+00 1.000000000000000000e+00 0.000000000000000000e+00
1.671533380258811974e+02 9.421249389648437500e+00 1.000000000000000000e+00 0.000000000000000000e+00
1.683086226348412424e+02 9.446814537048339844e+00 1.000000000000000000e+00 0.000000000000000000e+00
1.694653831585628438e+02 9.472274780273437500e+00 1.000000000000000000e+00 0.000000000000000000e+00
1.706266886653611152e+02 9.497628211975097656e+00 1.000000000000000000e+00 0.000000000000000000e+00
1.717828290474191704e+02 9.522877693176269531e+00 1.000000000000000000e+00 0.000000000000000000e+00
1.729466381757031002e+02 9.548024177551269531e+00 1.000000000000000000e+00 0.000000000000000000e+00
1.741115497491899760e+02 9.573066711425781250e+00 1.000000000000000000e+00 0.000000000000000000e+00
1.752741379310344598e+02 9.598008155822753906e+00 1.000000000000000000e+00 0.000000000000000000e+00
1.764443542915497858e+02 9.622848510742187500e+00 1.000000000000000000e+00 0.000000000000000000e+00
1.776154316153929926e+02 9.647587776184082031e+00 1.000000000000000000e+00 0.000000000000000000e+00
1.787838126078609946e+02 9.672227859497070312e+00 1.000000000000000000e+00 0.000000000000000000e+00
1.799527809339747080e+02 9.696769714355468750e+00 1.000000000000000000e+00 0.000000000000000000e+00
1.811257645056167291e+02 9.721214294433593750e+00 1.000000000000000000e+00 0.000000000000000000e+00
1.822991651205936705e+02 9.745561599731445312e+00 1.000000000000000000e+00 0.000000000000000000e+00
1.834728848771401601e+02 9.769813537597656250e+00 1.000000000000000000e+00 0.000000000000000000e+00
1.846467882815337305e+02 9.793970108032226562e+00 1.000000000000000000e+00 0.000000000000000000e+00
1.858244632365549478e+02 9.818033218383789062e+00 1.000000000000000000e+00 0.000000000000000000e+00
1.870021381847173814e+02 9.842001914978027344e+00 1.000000000000000000e+00 0.000000000000000000e+00
1.881797263104664353e+02 9.865879058837890625e+00 1.000000000000000000e+00 0.000000000000000000e+00
1.893570664261219747e+02 9.889663696289062500e+00 1.000000000000000000e+00 0.000000000000000000e+00
1.905340682262673226e+02 9.913358688354492188e+00 1.000000000000000000e+00 0.000000000000000000e+00
1.917144465767186148e+02 9.936963081359863281e+00 1.000000000000000000e+00 0.000000000000000000e+00
1.928903675959989812e+02 9.960478782653808594e+00 1.000000000000000000e+00 0.000000000000000000e+00
1.940655407071263028e+02 9.983906745910644531e+00 1.000000000000000000e+00 0.000000000000000000e+00
1.952478239350399463e+02 1.000724792480468750e+01 1.000000000000000000e+00 0.000000000000000000e+00
1.964251724691759193e+02 1.003050136566162109e+01 1.000000000000000000e+00 0.000000000000000000e+00
1.976014620431114963e+02 1.005367088317871094e+01 1.000000000000000000e+00 0.000000000000000000e+00
1.987806107763477712e+02 1.007675457000732422e+01 1.000000000000000000e+00 0.000000000000000000e+00
1.999543273814805957e+02 1.009975528717041016e+01 1.000000000000000000e+00 0.000000000000000000e+00
2.011349092804017005e+02 1.012267303466796875e+01 1.000000000000000000e+00 0.000000000000000000e+00
2.023097344459573605e+02 1.014550781250000000e+01 1.000000000000000000e+00 0.000000000000000000e+00
2.034785761723371706e+02 1.016826248168945312e+01 1.000000000000000000e+00 0.000000000000000000e+00
2.046540827504845197e+02 1.019093704223632812e+01 1.000000000000000000e+00 0.000000000000000000e+00
2.058276221262987065e+02 1.021353149414062500e+01 1.000000000000000000e+00 0.000000000000000000e+00
2.069946714648553723e+02 1.023604774475097656e+01 1.000000000000000000e+00 0.000000000000000000e+00
2.081638209800927655e+02 1.025848674774169922e+01 1.000000000000000000e+00 0.000000000000000000e+00
2.093350175542161082e+02 1.028084850311279297e+01 1.000000000000000000e+00 0.000000000000000000e+00
2.104992030987572775e+02 1.030313396453857422e+01 1.000000000000000000e+00 0.000000000000000000e+00
2.116606714862703598e+02 1.032534503936767578e+01 1.000000000000000000e+00 0.000000000000000000e+00
2.128238367884946740e+02 1.034748172760009766e+01 1.000000000000000000e+00 0.000000000000000000e+00
2.139840278351773293e+02 1.036954498291015625e+01 1.000000000000000000e+00 0.000000000000000000e+00
2.151410835325871176e+02 1.039153575897216797e+01 1.000000000000000000e+00 0.000000000000000000e+00
2.162948414726424744e+02 1.041345500946044922e+01 1.000000000000000000e+00 0.000000000000000000e+00
2.174451379822223487e+02 1.043530368804931641e+01 1.000000000000000000e+00 0.000000000000000000e+00
2.185966017491641651e+02 1.045708274841308594e+01 1.000000000000000000e+00 0.000000000000000000e+00
2.197443338059744633e+02 1.047879219055175781e+01 1.000000000000000000e+00 0.000000000000000000e+00
2.208833123360001025e+02 1.050043392181396484e+01 1.000000000000000000e+00 0.000000000000000000e+00
2.220230774184200584e+02 1.052200889587402344e+01 1.000000000000000000e+00 0.000000000000000000e+00
2.231635604664447499e+02 1.054351711273193359e+01 1.000000000000000000e+00 0.000000000000000000e+00
2.242997165418100565e+02 1.056495952606201172e+01 1.000000000000000000e+00 0.000000000000000000e+00
2.254263381706083464e+02 1.058633708953857422e+01 1.000000000000000000e+00 0.000000000000000000e+00
2.265482286231042792e+02 1.060765171051025391e+01 1.000000000000000000e+00 0.000000000000000000e+00
2.276754262321202873e+02 1.062890338897705078e+01 1.000000000000000000e+00 0.000000000000000000e+00
2.287925089581502220e+02 1.065009212493896484e+01 1.000000000000000000e+00 0.000000000000000000e+00
2.299044186839693396e+02 1.067122077941894531e+01 1.000000000000000000e+00 0.000000000000000000e+00
2.310161748949146556e+02 1.069228839874267578e+01 1.000000000000000000e+00 0.000000000000000000e+00
2.321224656786980347e+02 1.071329689025878906e+01 1.000000000000000000e+00 0.000000000000000000e+00
2.332177777777777408e+02 1.073424625396728516e+01 1.000000000000000000e+00 0.000000000000000000e+00
2.343125668754739479e+02 1.075513935089111328e+01 1.000000000000000000e+00 0.000000000000000000e+00
2.354067117225976631e+02 1.077597427368164062e+01 1.000000000000000000e+00 0.000000000000000000e+00
2.364947598645523499e+02 1.079675388336181641e+01 1.000000000000000000e+00 0.000000000000000000e+00
2.375819643803423560e+02 1.081747722625732422e+01 1.000000000000000000e+00 0.000000000000000000e+00
2.386737987680533593e+02 1.083814620971679688e+01 1.000000000000000000e+00 0.000000000000000000e+00
2.397702582331152144e+02 1.085875892639160156e+01 1.000000000000000000e+00 0.000000000000000000e+00
2.408602338971384427e+02 1.087931728363037109e+01 1.000000000000000000e+00 0.000000000000000000e+00
2.419604244202539292e+02 1.089982128143310547e+01 1.000000000000000000e+00 0.000000000000000000e+00
2.430596169031304896e+02 1.092026996612548828e+01 1.000000000000000000e+00 0.000000000000000000e+00
2.441577687208027498e+02 1.094066524505615234e+01 1.000000000000000000e+00 0.000000000000000000e+00
2.452662869629607201e+02 1.096100616455078125e+01 1.000000000000000000e+00 0.000000000000000000e+00
2.463737354718337542e+02 1.098129272460937500e+01 1.000000000000000000e+00 0.000000000000000000e+00
2.474800487411398819e+02 1.100152587890625000e+01 1.000000000000000000e+00 0.000000000000000000e+00
2.485910209419579076e+02 1.102170562744140625e+01 1.000000000000000000e+00 0.000000000000000000e+00
2.497007653935986298e+02 1.104183197021484375e+01 1.000000000000000000e+00 0.000000000000000000e+00
2.508151804905051563e+02 1.106190586090087891e+01 1.000000000000000000e+00 0.000000000000000000e+00
2.519342816445198707e+02 1.108192634582519531e+01 1.000000000000000000e+00 0.000000000000000000e+00
2.530581279074822305e+02 1.110189437866210938e+01 1.000000000000000000e+00 0.000000000000000000e+00
2.541806412240360658e+02 1.112180900573730469e+01 1.000000000000000000e+00 0.000000000000000000e+00
2.552956370104583925e+02 1.114167213439941406e+01 1.000000000000000000e+00 0.000000000000000000e+00
2.564214336262633651e+02 1.116148376464843750e+01 1.000000000000000000e+00 0.000000000000000000e+00
2.575519524453895315e+02 1.118124294281005859e+01 1.000000000000000000e+00 0.000000000000000000e+00
2.586747186965225751e+02 1.120095062255859375e+01 1.000000000000000000e+00 0.000000000000000000e+00
2.598084613533130778e+02 1.122060775756835938e+01 1.000000000000000000e+00 0.000000000000000000e+00
2.609469503244617954e+02 1.124021244049072266e+01 1.000000000000000000e+00 0.000000000000000000e+00
2.620774686185503128e+02 1.125976657867431641e+01 1.000000000000000000e+00 0.000000000000000000e+00
2.632126746176049892e+02 1.127927017211914062e+01 1.000000000000000000e+00 0.000000000000000000e+00
2.643526049092649259e+02 1.129872322082519531e+01 1.000000000000000000e+00 0.000000000000000000e+00
2.654972964629188823e+02 1.131812572479248047e+01 1.000000000000000000e+00 0.000000000000000000e+00
2.666402079613862384e+02 1.133747768402099609e+01 1.000000000000000000e+00 0.000000000000000000e+00
2.677812632109158812e+02 1.135678005218505859e+01 1.000000000000000000e+00 0.000000000000000000e+00
2.689270319502934967e+02 1.137603282928466797e+01 1.000000000000000000e+00 0.000000000000000000e+00
2.700775507436372891e+02 1.139523601531982422e+01 1.000000000000000000e+00 0.000000000000000000e+00
2.712328565342324964e+02 1.141438961029052734e+01 1.000000000000000000e+00 0.000000000000000000e+00
2.723793717653366571e+02 1.143349361419677734e+01 1.000000000000000000e+00 0.000000000000000000e+00
2.735306082472347953e+02 1.145254993438720703e+01 1.000000000000000000e+00 0.000000000000000000e+00
2.746934567103373297e+02 1.147155666351318359e+01 1.000000000000000000e+00 0.000000000000000000e+00
2.758472760240665593e+02 1.149051475524902344e+01 1.000000000000000000e+00 0.000000000000000000e+00
2.770058323023707771e+02 1.150942516326904297e+01 1.000000000000000000e+00 0.000000000000000000e+00
2.781691388649824717e+02 1.152828693389892578e+01 1.000000000000000000e+00 0.000000000000000000e+00
2.793230782717421903e+02 1.154710102081298828e+01 1.000000000000000000e+00 0.000000000000000000e+00
2.804888326622368595e+02 1.156586837768554688e+01 1.000000000000000000e+00 0.000000000000000000e+00
2.816593511826505392e+02 1.158458709716796875e+01 1.000000000000000000e+00 0.000000000000000000e+00
2.828274847276074411e+02 1.160325908660888672e+01 1.000000000000000000e+00 0.000000000000000000e+00
2.839931020018177037e+02 1.162188339233398438e+01 1.000000000000000000e+00 0.000000000000000000e+00
2.851634690864233903e+02 1.164046192169189453e+01 1.000000000000000000e+00 0.000000000000000000e+00
2.863385751158204471e+02 1.165899276733398438e+01 1.000000000000000000e+00 0.000000000000000000e+00
2.875110768818958604e+02 1.167747783660888672e+01 1.000000000000000000e+00 0.000000000000000000e+00
2.886883150510804512e+02 1.169591617584228516e+01 1.000000000000000000e+00 0.000000000000000000e+00
2.898628245910459214e+02 1.171430873870849609e+01 1.000000000000000000e+00 0.000000000000000000e+00
2.910420668641236830e+02 1.173265552520751953e+01 1.000000000000000000e+00 0.000000000000000000e+00
2.922184540735136693e+02 1.175095653533935547e+01 1.000000000000000000e+00 0.000000000000000000e+00
2.933995692053121616e+02 1.176921272277832031e+01 1.000000000000000000e+00 0.000000000000000000e+00
2.945854237522433436e+02 1.178742313385009766e+01 1.000000000000000000e+00 0.000000000000000000e+00
2.957683035511624894e+02 1.180558872222900391e+01 1.000000000000000000e+00 0.000000000000000000e+00
2.969559166956084368e+02 1.182370948791503906e+01 1.000000000000000000e+00 0.000000000000000000e+00
2.981404238358439898e+02 1.184178543090820312e+01 1.000000000000000000e+00 0.000000000000000000e+00
2.993296570780750585e+02 1.185981750488281250e+01 1.000000000000000000e+00 0.000000000000000000e+00
3.005156509758786569e+02 1.187780475616455078e+01 1.000000000000000000e+00 0.000000000000000000e+00
3.017063625479216853e+02 1.189574909210205078e+01 1.000000000000000000e+00 0.000000000000000000e+00
3.029017780288684207e+02 1.191364860534667969e+01 1.000000000000000000e+00 0.000000000000000000e+00
3.040857199106537223e+02 1.193150520324707031e+01 1.000000000000000000e+00 0.000000000000000000e+00
3.052824584827693570e+02 1.194931888580322266e+01 1.000000000000000000e+00 0.000000000000000000e+00
3.064839252523623827e+02 1.196708869934082031e+01 1.000000000000000000e+00 0.000000000000000000e+00
3.073094567365063767e+02 1.198481559753417969e+01 1.000000000000000000e+00 0.000000000000000000e+00
