1.012360692024230957e+00 1.433514954205254184e-15 9.694378927436753715e-18
1.027028560638427734e+00 1.608169613779562690e-15 9.952555246706785747e-18
1.042027950286865234e+00 1.881346517034517169e-15 1.067311758082034874e-17
1.057356476783752441e+00 2.134905319386862466e-15 1.078803518065703260e-17
1.073009371757507324e+00 2.371096011391759430e-15 1.081120040920647672e-17
1.088977694511413574e+00 2.610503948796575923e-15 1.104276615183243045e-17
1.105259299278259277e+00 2.633919991758451435e-15 1.086373699397730185e-17
1.121848225593566895e+00 2.571775082763909323e-15 1.037810493519200992e-17
1.138736367225646973e+00 2.499616850974923959e-15 1.022933428241146789e-17
1.155912756919860840e+00 2.650268700101978227e-15 1.223809218853100987e-17
1.173367857933044434e+00 2.655744236582128847e-15 1.329206019057650247e-17
1.191089510917663574e+00 2.736048508334664762e-15 1.510739570457297674e-17
1.209065556526184082e+00 2.760090026729295758e-15 1.639862146686376771e-17
1.227282524108886719e+00 3.116645952731585706e-15 1.891586701602514417e-17
1.245727419853210449e+00 3.111406576857412081e-15 1.871659351095723516e-17
1.264383912086486816e+00 3.446975639221432004e-15 1.998178439090709279e-17
1.283238410949707031e+00 3.798840814549343356e-15 2.126428349432092230e-17
1.302274823188781738e+00 3.909909864484830924e-15 1.752684798472449078e-17
1.321494102478027344e+00 3.463476872471237537e-15 1.034089718073139848e-17
1.340868592262268066e+00 2.286393819454205841e-15 8.142631099559528289e-18
1.360378742218017578e+00 1.619224139626023877e-15 6.622818716461250061e-18
1.380009055137634277e+00 1.564086911775949840e-15 6.485069587867975019e-18
1.399744391441345215e+00 1.544135869297958992e-15 6.297011129487258695e-18
1.419569849967956543e+00 1.423344779907087468e-15 5.973106130293683184e-18
1.439470410346984863e+00 1.474539988501442449e-15 6.061822397874424056e-18
1.459432959556579590e+00 1.667961172918779410e-15 6.490761740849964571e-18
1.479443430900573730e+00 1.818125192751114049e-15 6.759354619135717837e-18
1.499489307403564453e+00 2.008122149426352959e-15 7.050929482161471613e-18
1.519558310508728027e+00 2.267834343022713061e-15 7.516451919786634404e-18
1.539636731147766113e+00 2.584469788315629328e-15 7.727482437828399081e-18
1.559654116630554199e+00 2.856071015914269375e-15 8.303279873452781023e-18
1.579654574394226074e+00 2.950858011730674006e-15 8.519034829593136642e-18
1.599635958671569824e+00 3.081355361361532989e-15 9.157142905916411102e-18
1.618240237236022949e+00 3.103342942236345644e-15 1.016116795495052926e-17
1.638161778450012207e+00 3.221220932769863142e-15 1.131329850143703463e-17
1.658041000366210938e+00 3.299675182108992106e-15 1.247622670467453332e-17
1.677870869636535645e+00 3.311655025688752844e-15 1.223382705195650801e-17
1.697645306587219238e+00 3.289450914251629027e-15 1.165942620349802055e-17
1.717358589172363281e+00 3.098524878756467296e-15 1.104857508387288067e-17
1.737005352973937988e+00 2.770642095757320679e-15 1.135751506173233348e-17
1.756580948829650879e+00 2.352108849798014615e-15 1.072571232446547160e-17
1.776081681251525879e+00 1.989885812273389885e-15 9.579679432132529039e-18
1.795524954795837402e+00 1.731729281786266431e-15 8.626147053724363583e-18
1.814885139465332031e+00 1.629319950490600512e-15 8.197677264105761903e-18
1.834159255027770996e+00 1.536150745277527960e-15 7.628255596545492844e-18
1.853344798088073730e+00 1.403267436297369411e-15 7.115721642600069433e-18
1.872439503669738770e+00 1.373686032332831270e-15 7.132628120228907262e-18
1.891441464424133301e+00 1.483344328284973960e-15 7.595383164883790863e-18
1.910349249839782715e+00 1.589608864296941342e-15 7.434391191885739864e-18
1.929159760475158691e+00 1.534026513445792395e-15 6.750564275423720721e-18
1.947873115539550781e+00 1.463348985579842732e-15 6.227051905413286483e-18
1.966488480567932129e+00 1.447929692725237635e-15 5.927475793211313762e-18
1.985005021095275879e+00 1.452172141883080102e-15 5.806189764844895410e-18
2.003420591354370117e+00 1.502163129024429490e-15 5.837726894683465413e-18
2.021742582321166992e+00 1.574333752382905037e-15 5.963920415646975820e-18
2.039968490600585938e+00 1.626058760697057282e-15 5.984560652887597980e-18
2.058091878890991211e+00 1.770252671631846577e-15 6.179214952952820002e-18
2.076115369796752930e+00 1.875537510529319512e-15 6.385572484952751407e-18
2.094037771224975586e+00 1.987650405475739717e-15 6.607822588248024612e-18
2.111859321594238281e+00 2.058460910142825790e-15 6.714410080738644851e-18
2.129581451416015625e+00 2.157175504093324001e-15 6.874799725108892679e-18
2.147201776504516602e+00 2.155718866780852763e-15 6.958327024320208939e-18
2.164724588394165039e+00 2.197198367808181317e-15 6.980897753939685667e-18
2.182146787643432617e+00 2.168337433807705881e-15 7.069789191450155220e-18
2.199471712112426758e+00 2.134053243536681800e-15 7.215094079275580654e-18
2.216697692871093750e+00 2.057628606153510798e-15 7.238667838730248587e-18
2.233827352523803711e+00 2.014235852525709495e-15 6.791388760175709826e-18
2.250859498977661133e+00 1.998034050427851637e-15 6.545678864791449506e-18
2.267793893814086914e+00 1.949925994469711573e-15 6.460107215281343257e-18
2.284635305404663086e+00 1.851132137441618945e-15 6.322903248916182182e-18
2.301380395889282227e+00 1.654500323478750084e-15 5.923596376712334924e-18
2.318033218383789062e+00 1.555330438412362298e-15 5.686227559294409742e-18
2.334594488143920898e+00 1.489442984005756649e-15 5.646068129953043369e-18
2.351062536239624023e+00 1.470516048000555123e-15 5.610333247611580758e-18
2.367440938949584961e+00 1.419715497893179660e-15 5.521822140325312070e-18
2.383729696273803711e+00 1.373114278222684705e-15 5.542548460266786994e-18
2.399929285049438477e+00 1.357832487884002464e-15 5.488171714728001428e-18
2.416040658950805664e+00 1.287095521269464125e-15 5.607705893058699217e-18
2.432065248489379883e+00 1.193484658058531239e-15 5.208615965770200629e-18
2.448004007339477539e+00 1.139603955999698672e-15 5.165147512396102759e-18
2.463857650756835938e+00 1.070664542264215291e-15 4.873947991589797879e-18
2.479627370834350586e+00 9.754062090386616586e-16 4.597506500290291858e-18
2.495338439941406250e+00 9.156213320755358704e-16 4.323664931168098582e-18
2.510967254638671875e+00 8.611709399446393957e-16 4.272573992652242416e-18
2.526514291763305664e+00 8.279939130376730542e-16 4.106992764625315419e-18
2.541980504989624023e+00 7.838753268845922357e-16 4.053641143138742458e-18
2.557366609573364258e+00 7.809027186186972892e-16 4.086771263133278621e-18
2.572673559188842773e+00 7.764205838817288217e-16 4.061915361595616119e-18
2.587902307510375977e+00 7.787645857499880288e-16 4.060395842156323821e-18
2.603053808212280273e+00 8.055545527077048215e-16 4.054278765926437656e-18
2.618128061294555664e+00 8.290580080281534888e-16 4.213258855580204724e-18
2.633127450942993164e+00 8.384576574873674265e-16 4.163347867731117798e-18
2.648051977157592773e+00 8.554390389380373505e-16 4.288345877989864759e-18
2.662902593612670898e+00 8.398698721088855255e-16 4.289639951465998795e-18
2.677679300308227539e+00 7.581291388204307957e-16 4.052928558519745142e-18
2.692384719848632812e+00 7.175957535168978547e-16 3.917467407548208831e-18
2.707018613815307617e+00 7.101024880598449085e-16 3.938998108067224646e-18
2.721573114395141602e+00 6.932213240309276761e-16 3.923117899293546162e-18
2.736047983169555664e+00 7.081388178972798391e-16 3.946077047315178945e-18
2.750454187393188477e+00 7.242807163696997584e-16 3.971381867706489145e-18
2.764792680740356445e+00 7.009731898197418779e-16 3.933028095995223220e-18
2.779062986373901367e+00 6.852546785397056451e-16 3.971990522819487400e-18
2.793267011642456055e+00 6.968466666841345930e-16 4.059419044715354089e-18
2.807405710220336914e+00 6.998069817450796153e-16 3.987617938009593625e-18
2.821479797363281250e+00 6.749030478803365898e-16 3.943105118663287807e-18
2.835489511489868164e+00 6.732204704859357894e-16 4.013402847518252831e-18
2.849436521530151367e+00 6.864247748615687631e-16 3.968534596665089609e-18
2.863319635391235352e+00 6.853397567285720864e-16 3.986894142556403669e-18
2.877140998840332031e+00 6.903094697133160809e-16 4.024075990110461627e-18
2.890901327133178711e+00 6.832649472833452491e-16 3.892866226017190404e-18
2.904601812362670898e+00 6.774233600565393942e-16 3.877067376234616139e-18
2.918240308761596680e+00 6.745093704966744228e-16 3.826064633907229294e-18
2.931820154190063477e+00 6.952052269984715048e-16 3.935002500824646021e-18
2.945342779159545898e+00 6.988327984755056391e-16 3.902412487232926616e-18
2.958806991577148438e+00 6.990717131768185226e-16 3.870572067898405804e-18
2.972214460372924805e+00 7.030183839244786063e-16 3.818383313443793685e-18
2.985565423965454102e+00 6.913146535973144298e-16 3.802516399642032403e-18
2.998860597610473633e+00 7.093688825434166674e-16 3.946842695781170893e-18
3.012099266052246094e+00 7.158097673525980189e-16 3.972698911151470774e-18
3.025283813476562500e+00 7.254279262165101082e-16 3.925625215378227355e-18
3.038413763046264648e+00 7.375278179412950757e-16 3.893180708137701667e-18
3.051489114761352539e+00 7.452591159788939145e-16 3.938502250448519363e-18
3.064512491226196289e+00 7.681157381845737144e-16 3.998976280600421903e-18
3.077481985092163086e+00 7.736352321715562387e-16 4.011128447434934716e-18
3.090399980545043945e+00 7.633072310263052552e-16 3.943990298303620032e-18
3.103265762329101562e+00 7.610939727370103821e-16 3.965883932409886049e-18
3.116080999374389648e+00 7.959092321376694708e-16 4.009420449401088378e-18
3.128845453262329102e+00 7.834672739357537542e-16 3.927207552267662139e-18
3.141559839248657227e+00 7.880104377806592364e-16 3.828450732862236278e-18
3.154225587844848633e+00 8.126573467060443944e-16 3.963325222919997416e-18
3.166840553283691406e+00 7.903790670891112532e-16 3.911070345753317389e-18
3.179409027099609375e+00 7.941557556957495284e-16 3.930970156420727621e-18
3.191930532455444336e+00 7.935613204655248456e-16 3.827963756383781711e-18
3.204408645629882812e+00 7.793658676703899477e-16 3.837326538093395689e-18
3.216837644577026367e+00 8.091769026014319638e-16 3.884961318666378792e-18
3.229221582412719727e+00 8.197601469390089685e-16 3.907071983561078964e-18
3.241558074951171875e+00 8.309718915857002770e-16 3.941918368260316665e-18
3.253849744796752930e+00 8.479440517398671302e-16 4.075721971827198499e-18
3.266095876693725586e+00 8.659610679074434815e-16 3.977018156066072294e-18
3.278297185897827148e+00 8.584721154771809147e-16 3.963855918580022826e-18
3.290454149246215820e+00 8.516005815576959526e-16 3.971021354642598531e-18
3.302566289901733398e+00 8.480971302690189628e-16 4.018848941275618520e-18
3.314636230468750000e+00 8.257450735464373591e-16 3.933724099424700434e-18
3.326661348342895508e+00 7.950800250552543711e-16 3.932213255054093001e-18
3.338645219802856445e+00 8.035375003115450284e-16 3.904893019884802458e-18
3.350585699081420898e+00 7.990999857442232217e-16 3.872931309348888798e-18
3.361690521240234375e+00 8.136835717047644954e-16 3.887630870080806077e-18
3.373551130294799805e+00 8.295323100485159021e-16 3.982997607237423257e-18
3.385370016098022461e+00 8.371250126481028837e-16 3.947177291000511691e-18
3.397147893905639648e+00 8.510877843861818031e-16 4.067379976121606569e-18
3.408885955810546875e+00 8.494694551235546251e-16 4.011678794411003868e-18
3.420583009719848633e+00 8.488159091664968668e-16 4.004265525114706022e-18
3.432235479354858398e+00 8.406690452545560322e-16 4.052383392704248460e-18
3.443848848342895508e+00 8.409286367826062328e-16 4.001725815065900162e-18
3.455423116683959961e+00 8.516219524037492717e-16 4.045516383089741682e-18
3.466958284378051758e+00 8.648425172404628964e-16 4.050425074100794559e-18
3.478456258773803711e+00 8.590367136456760561e-16 4.015703458949350165e-18
3.489915609359741211e+00 8.484102131727947905e-16 4.090723926095967417e-18
3.501337051391601562e+00 8.606439118351543439e-16 4.335352281394752607e-18
3.512721776962280273e+00 8.760116616038522427e-16 4.636715850917615669e-18
3.524069547653198242e+00 8.615661661368957026e-16 4.778045129608826664e-18
3.535380601882934570e+00 8.654557988172084177e-16 4.873310518707619489e-18
3.546655416488647461e+00 8.649198647815620345e-16 4.854834082209868248e-18
3.557893991470336914e+00 8.877217700843809341e-16 4.972101873312469714e-18
3.569097518920898438e+00 8.870287143013191825e-16 4.968283209165954215e-18
3.580265283584594727e+00 8.666101352278994208e-16 4.745344054780329144e-18
3.591398000717163086e+00 8.614503390688308195e-16 4.667687586163156105e-18
3.602495431900024414e+00 8.639171600828639837e-16 4.433614864760784499e-18
3.613559722900390625e+00 8.851394735035158921e-16 4.462305408006742241e-18
3.624588727951049805e+00 8.852180429638037412e-16 4.440808171109948717e-18
3.635584115982055664e+00 8.937721556767295861e-16 4.380235743103230117e-18
3.646545648574829102e+00 8.926603905022994138e-16 4.442492477522104011e-18
3.657474756240844727e+00 8.635789006583458639e-16 4.212329004360874713e-18
3.668372869491577148e+00 8.593991349683167623e-16 4.218017754572640339e-18
3.679237127304077148e+00 8.777582472210284211e-16 4.202858883687191321e-18
3.690069437026977539e+00 8.863587204796600733e-16 4.179667282388550685e-18
3.700868844985961914e+00 8.787420973748777597e-16 4.176268380265577698e-18
3.711636304855346680e+00 8.905512584990641501e-16 4.167608646714290724e-18
3.722372293472290039e+00 8.770167178215415781e-16 4.243730337311738459e-18
3.733077287673950195e+00 8.973441706581925469e-16 4.164863429211642346e-18
3.743750333786010742e+00 8.880548855352206396e-16 4.176108378952695439e-18
3.754392385482788086e+00 9.066372980347817940e-16 4.318392561512499782e-18
3.765003919601440430e+00 8.686996292732798995e-16 4.142429839353589993e-18
3.775584459304809570e+00 8.833413637631828749e-16 4.203396475307676530e-18
3.786134958267211914e+00 8.971864311613351327e-16 4.269309697837670748e-18
3.796655416488647461e+00 9.080858415251149346e-16 4.308633688235080426e-18
3.807146072387695312e+00 8.896558151864079390e-16 4.202723897391241020e-18
3.817607164382934570e+00 8.784379420650768313e-16 4.080758883548791386e-18
3.828038930892944336e+00 8.554340295136314994e-16 4.231662397326844450e-18
3.838441610336303711e+00 8.809829757946990935e-16 4.410994168233094975e-18
3.848815202713012695e+00 8.684391976586193322e-16 4.362859952840470270e-18
3.859160184860229492e+00 8.829886583174204524e-16 4.390013763999666783e-18
3.869476556777954102e+00 8.757761630830328014e-16 4.389203451271532196e-18
3.879764556884765625e+00 8.547119848084112020e-16 4.303146018333174166e-18
3.890024900436401367e+00 8.577855648655311558e-16 4.140943930433904474e-18
3.900261640548706055e+00 8.434434058181034201e-16 4.158691084541746960e-18
3.910470962524414062e+00 8.297820697922930892e-16 4.129384764760944826e-18
3.920652627944946289e+00 8.425865879798695850e-16 4.104543140016451834e-18
3.930806875228881836e+00 8.326866846237017451e-16 4.150627185809802153e-18
3.940933942794799805e+00 8.282397767806676828e-16 4.141666717185647133e-18
3.951034784317016602e+00 8.103596525731454326e-16 4.162340232178578847e-18
3.961108446121215820e+00 8.012272364502649724e-16 4.107067263706350850e-18
3.971155405044555664e+00 7.941680718700607417e-16 4.213335110967101021e-18
3.981176376342773438e+00 7.849908104692345960e-16 4.243737315147113269e-18
3.991171121597290039e+00 7.805487979407741100e-16 4.186392424553421723e-18
4.001140117645263672e+00 7.398631698159776610e-16 4.053718848117638801e-18
4.011083126068115234e+00 7.275605555613814563e-16 3.937271521960893710e-18
4.021000385284423828e+00 7.165489316949648556e-16 3.935896915076245355e-18
4.030891895294189453e+00 7.207698093146718724e-16 3.938956912367903179e-18
4.040759563446044922e+00 7.075946374927502495e-16 3.944857148385407167e-18
4.050601482391357422e+00 6.922884945186200450e-16 3.881840213765336413e-18
4.060417652130126953e+00 6.781958152767250297e-16 3.922657715313499565e-18
4.070209980010986328e+00 6.630948940840891009e-16 3.914009419702870853e-18
4.079977512359619141e+00 6.526338798345736082e-16 3.937488715521945654e-18
4.089721202850341797e+00 6.415641495972419948e-16 3.983564092697488804e-18
4.099439620971679688e+00 6.349450316506222223e-16 4.025347616477627227e-18
4.109134197235107422e+00 6.277417300590420031e-16 3.864972133491094418e-18
4.118805408477783203e+00 6.301965552368310261e-16 3.829618585722008072e-18
4.128451824188232422e+00 6.219016124432730259e-16 3.804420687569566290e-18
4.138073444366455078e+00 6.087314461757048522e-16 3.707409166812635108e-18
4.147673130035400391e+00 5.976141389805262647e-16 3.747814974688309126e-18
4.157248973846435547e+00 5.899094151488442101e-16 3.668115370722321392e-18
4.166800975799560547e+00 5.635318335890233412e-16 3.548614422686416240e-18
4.176330566406250000e+00 5.500503852042534077e-16 3.532284365287736160e-18
4.185837268829345703e+00 5.484704317045570732e-16 3.510887953751358513e-18
4.195321559906005859e+00 5.572042380247342882e-16 3.624819861321139083e-18
4.204783916473388672e+00 5.562943969770138260e-16 3.553736957737500626e-18
4.214222431182861328e+00 5.260722152955924749e-16 3.469154249855981647e-18
4.223639965057373047e+00 5.131371345796099248e-16 3.427166712864914657e-18
4.233034610748291016e+00 5.260325456395792594e-16 3.477718437918207352e-18
4.242407321929931641e+00 5.134871240111342715e-16 3.399361818560205168e-18
4.251758575439453125e+00 4.890692895229332189e-16 3.379430717199363004e-18
4.261087894439697266e+00 5.021049249881854420e-16 3.367238448949924782e-18
4.270396709442138672e+00 4.952902756362065161e-16 3.367213404282067965e-18
4.279682636260986328e+00 4.831379886878827896e-16 3.344414983258542431e-18
4.288948535919189453e+00 4.848933851745874004e-16 3.313546481101549490e-18
4.298192501068115234e+00 4.723166490154941582e-16 3.323009957304333015e-18
4.307415485382080078e+00 4.523260052288089333e-16 3.218175350154084528e-18
4.316617488861083984e+00 4.619433446523007380e-16 3.222416162759653756e-18
4.325799465179443359e+00 4.573063314441357103e-16 3.252927533586908501e-18
4.334960937500000000e+00 4.372735727231874869e-16 3.219305008670683893e-18
4.344100952148437500e+00 4.300862435403519207e-16 3.118783643130014262e-18
4.353221416473388672e+00 4.213197603462697594e-16 3.150999296098962476e-18
4.362320423126220703e+00 3.953739654044922051e-16 3.025056913766409306e-18
4.371398448944091797e+00 3.942773504806033530e-16 3.031099837999224054e-18
4.380456924438476562e+00 3.806622010516544395e-16 3.033646734450329441e-18
4.389495372772216797e+00 3.677442253198022038e-16 3.001373395321657586e-18
4.398513317108154297e+00 3.611269639328296746e-16 2.953659274342357991e-18
4.407512187957763672e+00 3.573692622616518027e-16 2.961024728311450517e-18
4.416491985321044922e+00 3.545257325942538833e-16 2.967737834655354332e-18
4.425451278686523438e+00 3.301707062177594223e-16 2.915119793680619983e-18
4.434391498565673828e+00 3.217026495025811405e-16 2.857911943963820593e-18
4.443313598632812500e+00 3.293714862583613283e-16 2.942218132914550791e-18
4.452215671539306641e+00 3.209745724541927527e-16 2.885083956734336122e-18
4.461099147796630859e+00 3.039520259325369988e-16 2.821750041203791302e-18
4.469963550567626953e+00 2.989104245579692190e-16 2.823446728658747015e-18
4.478809833526611328e+00 2.868288971856217912e-16 2.763907446657065911e-18
4.487636566162109375e+00 2.857473810761301626e-16 2.748030134773678528e-18
4.496445178985595703e+00 2.862821870568149262e-16 2.744233570882438954e-18
4.505235671997070312e+00 2.820347698866912722e-16 2.770250845864890514e-18
4.514007568359375000e+00 2.749159021380749421e-16 2.690333524644273585e-18
4.522760868072509766e+00 2.693021593218160464e-16 2.683573615488126755e-18
4.531496524810791016e+00 2.737591381603111818e-16 2.773733570502097177e-18
4.540214538574218750e+00 2.717021017512750295e-16 2.729677894228225355e-18
4.548914432525634766e+00 2.683075246493948800e-16 2.718040921194905343e-18
4.557595729827880859e+00 2.700825255207552671e-16 2.764396723878225580e-18
4.566259860992431641e+00 2.552432334860807087e-16 2.692391999412691587e-18
4.574906826019287109e+00 2.525408874966759822e-16 2.671028058908295647e-18
4.583535671234130859e+00 2.565539794182351204e-16 2.708233443641018017e-18
4.592147350311279297e+00 2.635480654384271149e-16 2.742262625644384561e-18
4.600742340087890625e+00 2.734436025882472605e-16 2.769415768844346752e-18
4.609321117401123047e+00 2.659779635668288218e-16 2.720844344635922446e-18
4.617882251739501953e+00 2.641560732846626409e-16 2.685512694767076743e-18
4.626426696777343750e+00 2.661199980111349035e-16 2.744997498799493235e-18
4.634954929351806641e+00 2.728215229818620128e-16 2.822153080024183887e-18
4.636688709259033203e+00 2.524315845063731505e-16 1.047897396016854343e-18
4.712643146514892578e+00 2.561273281475730779e-16 7.352391127046959781e-19
4.786477088928222656e+00 2.446962799542632662e-16 5.906421664865561219e-19
4.858415126800537109e+00 2.407867078177487502e-16 5.108406326970015696e-19
4.928562164306640625e+00 2.397637772028279473e-16 4.597455517448076881e-19
4.997004508972167969e+00 2.348323585825303825e-16 4.479035166817880782e-19
5.063827991485595703e+00 2.338444406714916246e-16 4.121295373421173788e-19
5.129119873046875000e+00 2.318967581908176466e-16 4.301018903208003224e-19
5.192965984344482422e+00 2.268915805338746204e-16 4.003386146558353902e-19
5.255452156066894531e+00 2.214028794213707060e-16 3.778800336277071772e-19
5.316665649414062500e+00 2.151683934584113192e-16 3.492220654585526283e-19
5.376692295074462891e+00 2.038319742598249918e-16 3.552948558810802868e-19
5.435618400573730469e+00 1.961995290577093701e-16 3.462589807081261706e-19
5.493530750274658203e+00 1.897877190744715953e-16 3.471731521714558248e-19
5.550507545471191406e+00 1.817134572601746413e-16 3.427031875173786754e-19
5.606595039367675781e+00 1.775607590167088248e-16 3.242830072753666675e-19
5.661819458007812500e+00 1.714222080644420125e-16 3.288094158576339993e-19
5.716204166412353516e+00 1.662327074894541593e-16 3.091198092146393675e-19
5.769771575927734375e+00 1.620165016382636377e-16 3.119043527650955882e-19
5.822544097900390625e+00 1.585397289126693882e-16 3.067855131571709496e-19
5.874545574188232422e+00 1.547953265299389272e-16 3.026873680935773612e-19
5.925798416137695312e+00 1.552826342265822793e-16 3.162254828375673498e-19
5.976325511932373047e+00 1.531492755859538168e-16 3.056037718281899146e-19
6.026149749755859375e+00 1.535848785944183201e-16 3.095869208320724661e-19
6.075294494628906250e+00 1.520085359688793547e-16 2.982659473200999770e-19
6.123781681060791016e+00 1.538494287742427355e-16 2.995577091877412281e-19
6.171635150909423828e+00 1.508312483770517824e-16 2.914757145969893878e-19
6.218877315521240234e+00 1.503739973792737733e-16 2.812160343646616372e-19
6.265531063079833984e+00 1.494696597428970700e-16 2.845825644680511894e-19
6.311619281768798828e+00 1.447257852853903330e-16 2.786148238071671989e-19
6.357164859771728516e+00 1.357038690995620015e-16 2.716099085269725090e-19
6.402190685272216797e+00 1.244854057929447311e-16 2.551694744543811126e-19
6.446720123291015625e+00 1.132547334194310197e-16 2.439785164278010544e-19
6.490775585174560547e+00 1.044659043186182719e-16 2.407017659423070963e-19
6.534379959106445312e+00 9.811581250114609851e-17 2.311660760879854427e-19
6.577556133270263672e+00 9.187161160227849127e-17 2.280364580201881442e-19
6.620326995849609375e+00 9.081186090585413054e-17 2.236488188676733942e-19
6.662715435028076172e+00 9.188972282996281748e-17 2.254165602090154503e-19
6.704742908477783203e+00 9.313950824337557814e-17 2.265563407112961837e-19
6.746419429779052734e+00 9.136949683986244468e-17 2.262717804046196063e-19
6.787751197814941406e+00 8.851641948099497305e-17 2.224966821403430391e-19
6.828742027282714844e+00 8.659216200429425126e-17 2.181496367105236777e-19
6.869396686553955078e+00 8.895478649128528284e-17 2.206755348699132250e-19
6.909719944000244141e+00 8.990690250037376591e-17 2.215241407842582503e-19
6.949715614318847656e+00 8.883230253849396958e-17 2.221665577841739681e-19
6.989388465881347656e+00 8.598127669916600860e-17 2.247913237896805821e-19
7.028742790222167969e+00 8.411950231671444508e-17 2.219025766742194271e-19
7.067783355712890625e+00 8.258177946109456878e-17 2.116548095642373680e-19
7.106513977050781250e+00 8.257267585559613695e-17 2.136746296003037399e-19
7.144939899444580078e+00 8.298345548718338771e-17 2.118294394513663298e-19
7.183064460754394531e+00 8.083471960513702944e-17 2.125737480331427319e-19
7.220892906188964844e+00 7.940597144898987064e-17 2.099439017840279320e-19
7.258430004119873047e+00 7.777832353219784331e-17 2.108612081927294728e-19
7.295679092407226562e+00 7.779631996622451256e-17 2.061374135961106417e-19
7.332645416259765625e+00 7.510688123212158545e-17 2.083136616458193603e-19
7.369332790374755859e+00 7.504741377623791202e-17 2.057327720390730603e-19
7.405746459960937500e+00 7.291954786598887855e-17 2.040201390299950841e-19
7.441890239715576172e+00 7.272392127347786663e-17 1.999908399324271885e-19
7.477768898010253906e+00 7.149779345776297074e-17 1.994989270096273812e-19
7.513386249542236328e+00 7.066650369122186146e-17 1.991829491687035358e-19
7.548747539520263672e+00 6.788903864731378393e-17 1.953555245624008663e-19
7.583857059478759766e+00 6.621591341631108798e-17 1.922852391172657537e-19
7.618718624114990234e+00 6.512795272215886919e-17 1.911764418646350645e-19
7.653337001800537109e+00 6.634082846808075549e-17 1.932498675268535429e-19
7.687716960906982422e+00 6.448965932253389747e-17 1.887435936669898721e-19
7.721862316131591797e+00 6.346783613991903999e-17 1.882333479082038032e-19
7.755777835845947266e+00 6.190400872812143396e-17 1.853473717635708040e-19
7.789468288421630859e+00 6.204785838492835785e-17 1.876661005772387715e-19
7.822937488555908203e+00 6.027117371302240576e-17 1.846956370313921284e-19
7.856190204620361328e+00 5.810011152204928556e-17 1.802211274801680237e-19
7.889230728149414062e+00 5.698632899166791838e-17 1.786780637664892272e-19
7.922063827514648438e+00 5.661331568275835330e-17 1.754696280753036049e-19
7.954693317413330078e+00 5.551978382369326806e-17 1.756028812458548672e-19
7.987124443054199219e+00 5.513699095359471026e-17 1.742028780168133037e-19
8.019360542297363281e+00 5.405174271324433019e-17 1.760336084083474774e-19
8.051406860351562500e+00 5.366909403669079618e-17 1.739284478224520336e-19
8.083268165588378906e+00 5.230433901545797681e-17 1.727354286634634566e-19
8.114948272705078125e+00 5.105841283134490115e-17 1.710344352993551305e-19
8.146450996398925781e+00 5.003781854996291357e-17 1.699555782757763185e-19
8.177782058715820312e+00 4.869658464472442402e-17 1.680689299604237339e-19
8.208945274353027344e+00 4.813134814923809913e-17 1.707134834514089550e-19
8.239944458007812500e+00 4.838094150455101113e-17 1.736195526731849740e-19
8.270785331726074219e+00 4.748969960854221648e-17 1.748062906802527220e-19
8.301471710205078125e+00 4.626625167520117517e-17 1.691406024435047205e-19
8.332008361816406250e+00 4.466412491652668138e-17 1.657380517308992882e-19
8.362398147583007812e+00 4.354006783606633933e-17 1.622755374176974560e-19
8.392646789550781250e+00 4.286163197373554773e-17 1.610282526549817968e-19
8.422756195068359375e+00 4.252414756890832897e-17 1.611118040583979272e-19
8.452727317810058594e+00 4.115333477947313689e-17 1.624123328279944375e-19
8.482561111450195312e+00 4.072638449341482169e-17 1.611500805564804071e-19
8.512257575988769531e+00 3.999979988480804883e-17 1.603073594491373205e-19
8.541818618774414062e+00 3.953161037642510743e-17 1.587485563976214226e-19
8.571244239807128906e+00 3.900591633569180306e-17 1.594395546516945355e-19
8.600536346435546875e+00 3.832783834059428601e-17 1.573307879230975295e-19
8.629694938659667969e+00 3.731217913842129704e-17 1.570272378584661125e-19
8.658720970153808594e+00 3.702293294162150861e-17 1.551081672842964051e-19
8.687616348266601562e+00 3.558363215334167213e-17 1.545929394538271939e-19
8.716380119323730469e+00 3.615750681437450863e-17 1.543707916641779692e-19
8.745015144348144531e+00 3.515138283048139951e-17 1.562281008506315396e-19
8.773520469665527344e+00 3.401169822267212213e-17 1.533424761528300858e-19
8.801898002624511719e+00 3.367109211280196677e-17 1.543703060730386923e-19
8.830148696899414062e+00 3.317808277018200423e-17 1.525751810053204835e-19
8.858272552490234375e+00 3.303836100142961043e-17 1.548205531771324650e-19
8.886271476745605469e+00 3.301484873019625850e-17 1.520253915767931754e-19
8.914145469665527344e+00 3.231723051699020022e-17 1.511053462190707165e-19
8.941896438598632812e+00 3.181290988190418770e-17 1.492021747394850473e-19
8.969523429870605469e+00 3.106581686440888909e-17 1.493474356881421138e-19
8.997029304504394531e+00 3.091562484078648757e-17 1.485344115041041087e-19
9.024414062500000000e+00 3.055886952611045188e-17 1.498163938522958347e-19
9.051678657531738281e+00 3.042717915584151524e-17 1.489741942537609692e-19
9.078824043273925781e+00 2.983982147569853739e-17 1.513690238500872881e-19
9.105851173400878906e+00 2.984631332180101768e-17 1.492959804107123934e-19
9.132760047912597656e+00 2.969945750335267706e-17 1.508707498199562986e-19
9.159552574157714844e+00 2.936557062581804207e-17 1.494177259126439323e-19
9.186229705810546875e+00 2.886926458067973888e-17 1.484314956401689592e-19
9.212791442871093750e+00 2.882731290293055363e-17 1.504044971743864504e-19
9.239238739013671875e+00 2.862785836972856501e-17 1.473499959672862422e-19
9.265572547912597656e+00 2.869094415366551185e-17 1.473949222872520992e-19
9.291794776916503906e+00 2.811273036039559491e-17 1.473486333781502088e-19
9.317905426025390625e+00 2.776277060155365547e-17 1.467708148421715131e-19
9.343904495239257812e+00 2.795380834080698453e-17 1.499339173809369854e-19
9.369794845581054688e+00 2.782235403738379328e-17 1.501738521473183024e-19
9.395575523376464844e+00 2.748384560312210717e-17 1.513564477156405615e-19
9.421249389648437500e+00 2.703527978865874649e-17 1.487341613142738451e-19
9.446814537048339844e+00 2.692120603275384206e-17 1.497179480283955877e-19
9.472274780273437500e+00 2.711646138896161073e-17 1.485902138233954715e-19
9.497628211975097656e+00 2.673865467941855738e-17 1.495631372233874021e-19
9.522877693176269531e+00 2.758161646511639521e-17 1.504817671512381714e-19
9.548024177551269531e+00 2.635342468907997948e-17 1.478330315685116660e-19
9.573066711425781250e+00 2.661907167680703841e-17 1.478341694467854041e-19
9.598008155822753906e+00 2.653560474716624791e-17 1.506879339252335810e-19
9.622848510742187500e+00 2.604048186605054831e-17 1.494297992103455711e-19
9.647587776184082031e+00 2.614900418804308783e-17 1.515412280346299182e-19
9.672227859497070312e+00 2.617692807419615830e-17 1.506446610391123988e-19
9.696769714355468750e+00 2.618475051526998343e-17 1.515285820972844698e-19
9.721214294433593750e+00 2.613183963556780485e-17 1.523406379655736871e-19
9.745561599731445312e+00 2.603910368503172203e-17 1.547689817201411152e-19
9.769813537597656250e+00 2.605606975630872876e-17 1.531554480736670565e-19
9.793970108032226562e+00 2.532332978562286655e-17 1.526035889512261414e-19
9.818033218383789062e+00 2.586254126423424429e-17 1.520542684207012652e-19
9.842001914978027344e+00 2.555644031852550709e-17 1.527030846084163831e-19
9.865879058837890625e+00 2.537032547588203267e-17 1.529607304387164963e-19
9.889663696289062500e+00 2.421731915392593538e-17 1.585528265208206616e-19
9.913358688354492188e+00 2.532096231442079573e-17 1.521057689868405213e-19
9.936963081359863281e+00 2.503032716452310082e-17 1.541682969453617208e-19
9.960478782653808594e+00 2.478847487280732029e-17 1.533515507823363272e-19
9.983906745910644531e+00 2.495431529017225362e-17 1.562357371032681884e-19
1.000724792480468750e+01 2.486630213242048777e-17 1.563373653939655886e-19
1.003050136566162109e+01 2.497629415022727651e-17 1.582592390022851206e-19
1.005367088317871094e+01 2.461681274381554869e-17 1.561183022614080608e-19
1.007675457000732422e+01 2.411784480949587922e-17 1.593403209367872913e-19
1.009975528717041016e+01 2.472682386231797139e-17 1.635124893899319745e-19
1.012267303466796875e+01 2.444431931484849449e-17 1.647823427704077836e-19
1.014550781250000000e+01 2.516768203115349309e-17 1.642058622656366459e-19
1.016826248168945312e+01 2.466759355249058170e-17 1.658150463633265278e-19
1.019093704223632812e+01 2.433300134511335496e-17 1.665767515333216193e-19
1.021353149414062500e+01 2.406535605236184566e-17 1.661124832377201168e-19
1.023604774475097656e+01 2.431955102732669531e-17 1.661702903068738434e-19
1.025848674774169922e+01 2.427568155017238246e-17 1.689236650157775093e-19
1.028084850311279297e+01 2.365788872049545582e-17 1.673098494226292695e-19
1.030313396453857422e+01 2.315529557500909209e-17 1.705751245457286334e-19
1.032534503936767578e+01 2.303488101974928283e-17 1.686013427712799397e-19
1.034748172760009766e+01 2.312320152232800418e-17 1.725621570540912659e-19
1.036954498291015625e+01 2.280384995737649155e-17 1.703922198514376685e-19
1.039153575897216797e+01 2.299693738941581189e-17 1.729500819621097188e-19
1.041345500946044922e+01 2.211643998856829862e-17 1.707155161112774439e-19
1.043530368804931641e+01 2.227809639134663871e-17 1.762003688918763328e-19
1.045708274841308594e+01 2.266382605975757630e-17 1.772606012983818419e-19
1.047879219055175781e+01 2.274498862983827179e-17 2.104808198888921110e-19
1.050043392181396484e+01 2.311590011661157182e-17 1.839619454584893880e-19
1.052200889587402344e+01 2.221092870280305951e-17 1.883517156572556514e-19
1.054351711273193359e+01 2.277565236186452109e-17 1.868336945335112383e-19
1.056495952606201172e+01 2.239216933436970625e-17 1.883791720055660893e-19
1.058633708953857422e+01 2.223894968076401830e-17 1.898140163884286756e-19
1.060765171051025391e+01 2.230560454868343632e-17 1.922278022566666893e-19
1.062890338897705078e+01 2.184999700575729484e-17 1.926076621825726660e-19
1.065009212493896484e+01 2.184570269673805824e-17 1.979877002882532333e-19
1.067122077941894531e+01 2.200951656788004983e-17 1.978041345665982208e-19
1.069228839874267578e+01 2.189696815741097530e-17 2.020867255869066415e-19
1.071329689025878906e+01 2.132474466240946222e-17 2.035270967397213021e-19
1.073424625396728516e+01 2.203506895961607061e-17 2.074506766751853244e-19
1.075513935089111328e+01 2.199478075733806350e-17 2.075557982687081755e-19
1.077597427368164062e+01 2.158549166970241413e-17 2.146353027439459790e-19
1.079675388336181641e+01 2.122919395990302073e-17 2.116675006405872899e-19
1.081747722625732422e+01 2.150535497863353136e-17 2.156900143943817043e-19
1.083814620971679688e+01 2.184816617733562203e-17 2.175996633620871717e-19
1.085875892639160156e+01 2.047601673696125264e-17 2.176924417391600566e-19
1.087931728363037109e+01 2.084123975889536190e-17 2.218015029912490759e-19
1.089982128143310547e+01 2.013400466888986840e-17 2.280377249698104365e-19
1.092026996612548828e+01 2.069749879305943601e-17 2.261583553865053324e-19
1.094066524505615234e+01 2.113360665502407976e-17 2.374668898821742111e-19
1.096100616455078125e+01 1.980667375899987644e-17 2.308386372382706742e-19
1.098129272460937500e+01 2.004179851565256488e-17 2.398374614055685892e-19
1.100152587890625000e+01 1.992533912165970733e-17 2.329007976960696762e-19
1.102170562744140625e+01 1.926567896336528427e-17 2.379626544542044071e-19
1.104183197021484375e+01 1.900439553085993532e-17 2.339436892742763614e-19
1.106190586090087891e+01 1.995848054084933623e-17 2.475370477459208088e-19
1.108192634582519531e+01 1.920220283625177646e-17 2.453393973820021062e-19
1.110189437866210938e+01 1.935478499275930233e-17 2.507289106690112423e-19
1.112180900573730469e+01 1.920170143813379931e-17 2.526243929834999902e-19
1.114167213439941406e+01 1.980579526165344098e-17 2.545825156153047879e-19
1.116148376464843750e+01 1.975236541525522177e-17 2.525498257122165540e-19
1.118124294281005859e+01 1.944835451697152919e-17 2.638341830617223330e-19
1.120095062255859375e+01 1.941565854097075768e-17 2.693942777250142729e-19
1.122060775756835938e+01 1.937648084436748718e-17 2.658511742512748579e-19
1.124021244049072266e+01 1.881785721640922597e-17 2.694294098433635740e-19
1.125976657867431641e+01 1.897891265647507266e-17 2.828266629795534866e-19
1.127927017211914062e+01 1.904640488094216905e-17 2.742039797491695410e-19
1.129872322082519531e+01 1.855950009122847625e-17 2.794389771791267572e-19
1.131812572479248047e+01 1.851129531852698547e-17 2.827203885200998219e-19
1.133747768402099609e+01 1.844580671565915635e-17 2.852273617681945770e-19
1.135678005218505859e+01 1.895178532730581977e-17 2.815161533956859393e-19
1.137603282928466797e+01 1.887700127310895485e-17 2.940480984008279333e-19
1.139523601531982422e+01 1.926187537320091972e-17 2.917693628812902965e-19
1.141438961029052734e+01 1.776608109416239255e-17 2.986888930617315405e-19
1.143349361419677734e+01 1.885210676063724176e-17 2.983584805918249929e-19
1.145254993438720703e+01 1.819093178710669379e-17 3.012246888835286744e-19
1.147155666351318359e+01 1.921537852856496686e-17 3.023836794728843206e-19
1.149051475524902344e+01 1.764808551516797507e-17 3.109450564406643644e-19
1.150942516326904297e+01 1.797730873173259051e-17 3.159462936254710368e-19
1.152828693389892578e+01 1.749428827650067524e-17 3.290642317518213068e-19
1.154710102081298828e+01 1.779813443242980503e-17 3.314572165131374453e-19
1.156586837768554688e+01 1.648667546641991294e-17 3.316733358360156160e-19
1.158458709716796875e+01 1.694570614472434545e-17 3.344933229923058801e-19
1.160325908660888672e+01 1.610369342373685750e-17 3.383161864997744523e-19
1.162188339233398438e+01 1.714358744623832596e-17 3.350545427154867372e-19
1.164046192169189453e+01 1.787908665631603656e-17 3.480628318764885767e-19
1.165899276733398438e+01 1.660677080017736385e-17 3.370342894061136807e-19
1.167747783660888672e+01 1.609689783528845960e-17 3.371363648470212154e-19
1.169591617584228516e+01 1.742713384870029389e-17 3.405083211717081763e-19
1.171430873870849609e+01 1.534881185533757156e-17 3.484797795157816622e-19
1.173265552520751953e+01 1.620018468713870551e-17 3.685949875183681605e-19
1.175095653533935547e+01 1.706465256329287795e-17 3.838536228698426582e-19
1.176921272277832031e+01 1.686113229419750264e-17 3.670947964118623513e-19
1.178742313385009766e+01 1.635458045338447298e-17 3.965796709932429744e-19
1.180558872222900391e+01 1.671121944676949018e-17 3.823722931207921285e-19
1.182370948791503906e+01 1.453812712441939350e-17 3.823667777306726909e-19
1.184178543090820312e+01 1.488627839253367262e-17 3.985611111337513122e-19
1.185981750488281250e+01 1.270825899926586978e-17 4.424418849204410908e-19
1.187780475616455078e+01 1.590424802875870714e-17 4.132201005709687359e-19
1.189574909210205078e+01 1.525493784468963230e-17 4.315730432221685702e-19
1.191364860534667969e+01 1.594176071411522556e-17 4.235708134090022933e-19
1.193150520324707031e+01 1.680860280003471073e-17 4.567101337615533735e-19
1.194931888580322266e+01 1.624532015824079255e-17 4.424449259603608414e-19
1.196708869934082031e+01 1.535480119404804726e-17 4.413067498867632074e-19
1.198481559753417969e+01 1.419234336148280501e-17 4.402446272276300020e-19
